Date,MSCI_PX_CE,MSCI_Y_ON_Y_GR_TRAIL_EPS,BEST_PE_RATIO,PX_OPEN,PX_HIGH,PX_LOW,PX_OFFICIAL_CLOSE,LISTED_SH,NUM_TRADES,TOT_SELL_REC,TOT_BUY_REC,TOT_HOLD_REC
,,,,17.375,18.438,17.063,,,,0,3,5
2000-05-02 00:00:00,,,,17.875,18.438,17.813,,,,,,
2000-05-03 00:00:00,,,,17.813,18.625,17.688,,,,,,
2000-05-04 00:00:00,,,,18.5,18.563,18.25,,,,,,
2000-05-05 00:00:00,,,,18.5,18.563,18.063,,,,,,
2000-05-08 00:00:00,,,,18.25,18.375,18,,,,,,
2000-05-09 00:00:00,,,,18.188,18.25,18,,,,,,
2000-05-10 00:00:00,,,,17.938,17.938,17.313,,,,,,
2000-05-11 00:00:00,,,,17.5,17.813,17.438,,,,,,
2000-05-12 00:00:00,,,,17.5,17.688,17.188,,,,,,
2000-05-15 00:00:00,,,,17.5,17.5,17.063,,,,,,
2000-05-16 00:00:00,,,,17.5,17.563,16.938,,,,,,
2000-05-17 00:00:00,,,,16.813,17,16.688,,,,0,3,5
2000-05-18 00:00:00,,,,16.813,16.875,16.5,,,,,,
2000-05-19 00:00:00,,,,16.125,16.688,16.125,,,,0,3,5
2000-05-22 00:00:00,,,,16.625,16.813,16.188,,,,,,
2000-05-23 00:00:00,,,,16.375,17,16.375,,,,,,
2000-05-24 00:00:00,,,,16.625,17,16.313,,,,,,
2000-05-25 00:00:00,,,,16.625,17.125,16,,,,,,
2000-05-26 00:00:00,,,,16.313,16.5,16,,,,,,
2000-05-30 00:00:00,,,,16.25,16.625,16.25,,,,,,
2000-05-31 00:00:00,,,,16.375,16.563,16.25,,,,,,
2000-06-01 00:00:00,,,,16.313,16.563,16.313,,,,0,3,5
2000-06-02 00:00:00,,,,16.625,17.063,16.188,,,,,,
2000-06-05 00:00:00,,,,17.125,18.75,17.063,,,,,,
2000-06-06 00:00:00,,,,18.5,19,18.313,,,,,,
2000-06-07 00:00:00,,,,18.438,19.688,18.438,,,,,,
2000-06-08 00:00:00,,,,20.25,20.438,19.375,,,,0,4,4
2000-06-09 00:00:00,,,,20.063,21.5,19.75,,,,,,
2000-06-12 00:00:00,,,,21.25,21.438,20.125,,,,,,
2000-06-13 00:00:00,,,,20.313,21.063,20.188,,,,0,4,4
2000-06-14 00:00:00,,,,20.75,21.875,20.5,,,,0,4,4
2000-06-15 00:00:00,,,,21.563,22,21.563,,,,,,
2000-06-16 00:00:00,,,,21.813,22.563,21.813,,,,0,4,4
2000-06-19 00:00:00,,,,22.375,22.625,20.75,,,,,,
2000-06-20 00:00:00,,,,21.125,21.188,20.313,,,,,,
2000-06-21 00:00:00,,,,20.75,21.5,20.625,,,,,,
2000-06-22 00:00:00,,,,20.5,20.938,20.25,,,,,,
2000-06-23 00:00:00,,,,20.375,20.438,19.938,,,,,,
2000-06-26 00:00:00,,,,20.188,20.625,20.188,,,,,,
2000-06-27 00:00:00,,,,20.438,20.875,20.375,,,,,,
2000-06-28 00:00:00,,,,20.438,20.5,20.188,,,,,,
2000-06-29 00:00:00,,,,20.375,20.5,20,,,,,,
2000-06-30 00:00:00,,,,20.375,21.063,20.375,,,,0,4,4
2000-07-03 00:00:00,,,,20.938,21.188,20.75,,,,,,
2000-07-05 00:00:00,,,,20.938,22.438,20.688,,,,,,
2000-07-06 00:00:00,,,,22.438,23.313,22.188,,,,,,
2000-07-07 00:00:00,,,,22.813,22.813,22,,,,0,5,4
2000-07-10 00:00:00,,,,22,23.25,22,,,,,,
2000-07-11 00:00:00,,,,23.375,23.563,23.125,,,,,,
2000-07-12 00:00:00,,,,23.688,23.688,22.75,,,,,,
2000-07-13 00:00:00,,,,23.063,24.688,23.063,,,,,,
2000-07-14 00:00:00,,,,24.688,25.688,24.563,,,,,,
2000-07-17 00:00:00,,,,25.563,25.688,25.125,,,,,,
2000-07-18 00:00:00,,,,25.375,25.375,24.875,,,,,,
2000-07-19 00:00:00,,,,25,25.188,24.875,,,,,,
2000-07-20 00:00:00,,,,25,25.75,24.938,,,,,,
2000-07-21 00:00:00,,,,25.438,25.5,25,,,,,,
2000-07-24 00:00:00,,,,25.063,27.313,25.063,,,,,,
2000-07-25 00:00:00,,,,27,27,25.063,,,,0,5,4
2000-07-26 00:00:00,,,,25.375,25.375,23.875,,,,0,5,4
2000-07-27 00:00:00,,,,25.25,25.25,24.438,,,,0,6,4
2000-07-28 00:00:00,,,,24.688,24.813,24.25,,,,,,
2000-07-31 00:00:00,,,,24.5,24.563,23.938,,,,,,
2000-08-01 00:00:00,,,,24.438,24.938,24.313,,,,,,
2000-08-02 00:00:00,,,,24.625,24.625,23.875,,,,,,
2000-08-03 00:00:00,,,,24.25,24.5,23.75,,,,,,
2000-08-04 00:00:00,,,,24,24.125,23.375,,,,,,
2000-08-07 00:00:00,,,,23.938,24.188,23.5,,,,,,
2000-08-08 00:00:00,,,,24.125,24.75,23.875,,,,,,
2000-08-09 00:00:00,,,,24.125,24.5,23.875,,,,,,
2000-08-10 00:00:00,,,,24.063,24.063,23.688,,,,,,
2000-08-11 00:00:00,,,,23.875,24.813,23.75,,,,,,
2000-08-14 00:00:00,,,,24.563,25.438,24.563,,,,,,
2000-08-15 00:00:00,,,,25,25,24.75,,,,,,
2000-08-16 00:00:00,,,,24.813,25,24.75,,,,,,
2000-08-17 00:00:00,,,,25.125,25.438,25,,,,,,
2000-08-18 00:00:00,,,,24.875,25.188,24.875,,,,,,
2000-08-21 00:00:00,,,,24.813,25.188,24.813,,,,,,
2000-08-22 00:00:00,,,,25,25.875,24.938,,,,,,
2000-08-23 00:00:00,,,,25.313,25.5,25,,,,,,
2000-08-24 00:00:00,,,,25.313,26,25.25,,,,,,
2000-08-25 00:00:00,,,,25.813,25.938,25.563,,,,,,
2000-08-28 00:00:00,,,,25.5,26.313,25,,,,,,
2000-08-29 00:00:00,,,,25.25,25.313,24.938,,,,,,
2000-08-30 00:00:00,,,,25.063,25.188,25,,,,,,
2000-08-31 00:00:00,,,,24.875,25.625,24.813,,,,,,
2000-09-01 00:00:00,,,,25,25.188,24.75,,,,,,
2000-09-05 00:00:00,,,,24.125,24.875,24.125,,,,,,
2000-09-06 00:00:00,,,,24.875,25,24.75,,,,0,6,4
2000-09-07 00:00:00,,,,24.875,25.438,24.313,,,,,,
2000-09-08 00:00:00,,,,25.75,26.375,25.688,,,,0,6,4
2000-09-11 00:00:00,,,,25.625,25.813,24.875,,,,,,
2000-09-12 00:00:00,,,,24.938,25.875,24.938,,,,0,6,4
2000-09-13 00:00:00,,,,25.75,28.625,25.688,,,,0,6,4
2000-09-14 00:00:00,,,,29,29,27.813,,,,0,6,4
2000-09-15 00:00:00,,,,28.75,28.75,27.313,,,,,,
2000-09-18 00:00:00,,,,27.563,28.25,27.125,,,,,,
2000-09-19 00:00:00,,,,28,29.75,27.875,,,,,,
2000-09-20 00:00:00,,,,29.563,30,29.125,,,,0,6,4
2000-09-21 00:00:00,,,,29.875,30.25,29.313,,,,,,
2000-09-22 00:00:00,,,,29.75,30,28.938,,,,,,
2000-09-25 00:00:00,,,,29.938,30.5,29.563,,,,,,
2000-09-26 00:00:00,,,,30.25,31.438,30,,,,,,
2000-09-27 00:00:00,,,,30.5,30.688,29.813,,,,,,
2000-09-28 00:00:00,,,,30.063,30.5,29.75,,,,,,
2000-09-29 00:00:00,,,,30,30.938,30,,,,,,
2000-10-02 00:00:00,,,,30.563,31.563,30.5,,,,0,6,4
2000-10-03 00:00:00,,,,31.813,32.938,31.75,,,,,,
2000-10-04 00:00:00,,,,32.875,33.25,32.563,,,,,,
2000-10-05 00:00:00,,,,32.875,33.625,32.75,,,,,,
2000-10-06 00:00:00,,,,33.063,33.438,32.125,,,,,,
2000-10-09 00:00:00,,,,32.25,32.5,31.875,,,,,,
2000-10-10 00:00:00,,,,32.125,32.438,31.5,,,,,,
2000-10-11 00:00:00,,,,31.75,32,31.375,,,,,,
2000-10-12 00:00:00,,,,31.563,31.688,30,,,,,,
2000-10-13 00:00:00,,,,30.813,30.938,29.125,,,,,,
2000-10-16 00:00:00,,,,30,30.75,30,,,,,,
2000-10-17 00:00:00,,,,30.313,30.938,30.125,,,,,,
2000-10-18 00:00:00,,,,30.125,30.625,30,,,,,,
2000-10-19 00:00:00,,,,30.625,30.875,29.875,,,,,,
2000-10-20 00:00:00,,,,30,30.75,29.75,,,,0,6,4
2000-10-23 00:00:00,,,,29.875,30,28.813,,,,,,
2000-10-24 00:00:00,,,,26.5,27.75,23.938,,,,0,7,3
2000-10-25 00:00:00,,,,26,26.75,25.313,,,,0,7,3
2000-10-26 00:00:00,,,,26.125,27.375,26,,,,,,
2000-10-27 00:00:00,,,,28,28.75,27.938,,,,,,
2000-10-30 00:00:00,,,,28.25,28.438,27.75,,,,0,7,3
2000-10-31 00:00:00,,,,28.313,28.625,27.313,,,,,,
2000-11-01 00:00:00,,,,27.875,30.5,27.875,,,,,,
2000-11-02 00:00:00,,,,32.25,33.125,30.813,,,,0,8,2
2000-11-03 00:00:00,,,,33,33.5,32.875,,,,,,
2000-11-06 00:00:00,,,,33.5,33.5,32.375,,,,,,
2000-11-07 00:00:00,,,,33,33.063,32,,,,,,
2000-11-08 00:00:00,,,,32.938,35.125,32.938,,,,,,
2000-11-09 00:00:00,,,,34.875,35.5,34.125,,,,,,
2000-11-10 00:00:00,,,,34.563,35.125,34.5,,,,,,
2000-11-13 00:00:00,,,,34.625,34.625,32.875,,,,,,
2000-11-14 00:00:00,,,,33.625,34.625,33.188,,,,,,
2000-11-15 00:00:00,,,,34.063,35.75,33.875,,,,,,
2000-11-16 00:00:00,,,,35.188,35.188,33.5,,,,,,
2000-11-17 00:00:00,,,,31.75,32.438,30.063,,,,0,9,2
2000-11-20 00:00:00,,,,31.375,31.938,31.313,,,,,,
2000-11-21 00:00:00,,,,31.75,33.313,31.625,,,,,,
2000-11-22 00:00:00,,,,32.375,32.438,31.563,,,,,,
2000-11-24 00:00:00,,,,32.125,32.25,31.813,,,,,,
2000-11-27 00:00:00,,,,32,33,32,,,,,,
2000-11-28 00:00:00,,,,32.938,33.938,32.5,,,,,,
2000-11-29 00:00:00,,,,32.5,33.063,32.5,,,,,,
2000-11-30 00:00:00,,,,32.938,33.188,32.688,,,,,,
2000-12-01 00:00:00,,,,32.875,34.125,32.875,,,,0,9,2
2000-12-04 00:00:00,,,,33.5,33.75,33.02,,,,,,
2000-12-05 00:00:00,,,,33.51,33.51,32.99,,,,,,
2000-12-06 00:00:00,,,,33,33.15,32.3,,,,0,9,2
2000-12-07 00:00:00,,,,32.6,33.6,32.6,,,,,,
2000-12-08 00:00:00,,,,33.25,33.25,32.2,,,,,,
2000-12-11 00:00:00,,,,32.9,33.2,32.66,,,,0,9,2
2000-12-12 00:00:00,,,,32.61,32.61,31.97,,,,,,
2000-12-13 00:00:00,,,,32.25,32.62,31.75,,,,0,9,2
2000-12-14 00:00:00,,,,32.5,32.9,31.77,,,,,,
2000-12-15 00:00:00,,,,33.25,33.25,32.39,,,,,,
2000-12-18 00:00:00,,,,33.1,33.5,33.1,,,,,,
2000-12-19 00:00:00,,,,33.48,34.24,33.27,,,,,,
2000-12-20 00:00:00,,,,33.5,34.3,33.39,,,,,,
2000-12-21 00:00:00,,,,33.8,33.85,33.05,,,,,,
2000-12-22 00:00:00,,,,33.55,33.66,32.9,,,,0,9,2
2000-12-26 00:00:00,,,,33.5,34.68,33.5,,,,,,
2000-12-27 00:00:00,,,,34.4,34.6,33.8,,,,,,
2000-12-28 00:00:00,,,,34.25,35.69,33.6,,,,,,
2000-12-29 00:00:00,,,,35.8,37,35.76,,,,,,
2001-01-01 00:00:00,,,,,,,,,,0,9,3
2001-01-02 00:00:00,,,,35.89,35.91,35.13,,,,,,
2001-01-03 00:00:00,,,,35.09,35.35,34.44,,,,,,
2001-01-04 00:00:00,,,,34.5,34.5,30.9,,,,,,
2001-01-05 00:00:00,,,,31.4,31.9,30.31,,,,,,
2001-01-08 00:00:00,,,,30.6,31.25,30.5,,,,,,
2001-01-09 00:00:00,,,,31,31.7,31,,,,,,
2001-01-10 00:00:00,,,,31.3,33.08,31.2,,,,,,
2001-01-11 00:00:00,,,,32.75,32.75,31.24,,,,0,9,3
2001-01-12 00:00:00,,,,31.8,31.8,31.1,,,,0,9,3
2001-01-16 00:00:00,,,,31.1,31.59,30,,,,,,
2001-01-17 00:00:00,,,,31.25,31.75,30.49,,,,,,
2001-01-18 00:00:00,,,,30.7,31.11,28.7,,,,0,9,3
2001-01-19 00:00:00,,,,29.4,29.4,27.62,,,,0,9,3
2001-01-22 00:00:00,,,,28,29.5,28,,,,,,
2001-01-23 00:00:00,,,,30,32.5,29.8,,,,,,
2001-01-24 00:00:00,,,,31.7,31.74,30.94,,,,0,9,3
2001-01-25 00:00:00,,,,31.4,32.08,30.85,,,,,,
2001-01-26 00:00:00,,,,31.83,32.25,31.17,,,,,,
2001-01-29 00:00:00,,,,32.2,33,31.7,,,,,,
2001-01-30 00:00:00,,,,32.05,32.95,32.05,,,,0,9,3
2001-01-31 00:00:00,,,,32.52,32.75,32.35,,,,,,
2001-02-01 00:00:00,,,,33.25,33.34,32.75,,,,,,
2001-02-02 00:00:00,,,,33.1,33.75,33.1,,,,,,
2001-02-05 00:00:00,,,,33.71,33.95,33.41,,,,,,
2001-02-06 00:00:00,,,,33.3,34.2,33.3,,,,0,9,3
2001-02-07 00:00:00,,,,33.9,33.97,33.49,,,,,,
2001-02-08 00:00:00,,,,34,34.25,33.3,,,,0,9,3
2001-02-09 00:00:00,,,,34.15,34.59,34,,,,0,9,3
2001-02-12 00:00:00,,,,34,34.45,33.93,,,,,,
2001-02-13 00:00:00,,,,34,34.21,33.59,,,,,,
2001-02-14 00:00:00,,,,33.85,33.85,33.14,,,,0,9,3
2001-02-15 00:00:00,,,,33.15,33.24,32.84,,,,,,
2001-02-16 00:00:00,,,,32.75,33.24,32.7,,,,,,
2001-02-20 00:00:00,,,,33.05,33.55,32.21,,,,,,
2001-02-21 00:00:00,,,,33,34,32.94,,,,0,10,3
2001-02-22 00:00:00,,,,33.69,33.7,32.28,,,,,,
2001-02-23 00:00:00,,,,32.5,32.5,30.86,,,,,,
2001-02-26 00:00:00,,,,31.46,32.56,31.46,,,,0,10,3
2001-02-27 00:00:00,,,,32.5,32.65,30.71,,,,0,10,3
2001-02-28 00:00:00,,,,30.5,30.51,28.75,,,,0,10,3
2001-03-01 00:00:00,,,,29.15,29.99,29,,,,0,10,3
2001-03-02 00:00:00,,,,30.75,31.38,30.2,,,,0,10,3
2001-03-05 00:00:00,,,,29.95,30.43,29.19,,,,0,10,3
2001-03-06 00:00:00,,,,29.85,30.19,28.86,,,,,,
2001-03-07 00:00:00,,,,29.1,29.11,28.2,,,,,,
2001-03-08 00:00:00,,,,28.95,29.45,28.6,,,,,,
2001-03-09 00:00:00,,,,28.9,29.54,28.4,,,,0,10,4
2001-03-12 00:00:00,,,,28.75,28.76,27.71,,,,0,10,4
2001-03-13 00:00:00,,,,27.65,27.65,26.5,,,,,,
2001-03-14 00:00:00,,,,27,27.25,26.08,,,,,,
2001-03-15 00:00:00,,,,26.49,26.6,25.5,,,,,,
2001-03-16 00:00:00,,,,25.05,25.59,24.1,,,,0,10,5
2001-03-19 00:00:00,,,,25.65,26.26,25.24,,,,,,
2001-03-20 00:00:00,,,,26,26.9,25.86,,,,0,10,5
2001-03-21 00:00:00,,,,25.7,25.98,25.13,,,,,,
2001-03-22 00:00:00,,,,25.35,25.4,23.4,,,,,,
2001-03-23 00:00:00,,,,24.85,26.65,24.69,,,,,,
2001-03-26 00:00:00,,,,26.55,27.25,25.87,,,,0,10,5
2001-03-27 00:00:00,,,,27,27,26.2,,,,,,
2001-03-28 00:00:00,,,,26.25,26.65,25.85,,,,,,
2001-03-29 00:00:00,,,,26.3,27.09,26.3,,,,,,
2001-03-30 00:00:00,,,,26.4,26.87,26.1,,,,,,
2001-04-02 00:00:00,,,,26.94,27.41,26.7,,,,,,
2001-04-03 00:00:00,,,,26.72,26.79,25.9,,,,0,10,5
2001-04-04 00:00:00,,,,25.8,25.95,24.85,,,,0,10,5
2001-04-05 00:00:00,,,,25.74,26.5,25,,,,0,10,5
2001-04-06 00:00:00,,,,25.95,26.24,25.15,,,,,,
2001-04-09 00:00:00,,,,25.34,25.5,25.16,,,,0,10,5
2001-04-10 00:00:00,,,,25.45,26.49,25.21,,,,,,
2001-04-11 00:00:00,,,,25.8,26.75,25.3,,,,0,10,5
2001-04-12 00:00:00,,,,26.25,27.25,26.15,,,,,,
2001-04-16 00:00:00,,,,27.2,27.74,26.94,,,,0,10,5
2001-04-17 00:00:00,,,,26.9,27.75,26.9,,,,,,
2001-04-18 00:00:00,,,,27.7,28.39,27.51,,,,,,
2001-04-19 00:00:00,,,,27.95,28,27.16,,,,,,
2001-04-20 00:00:00,,,,27.05,27.35,26.91,,,,,,
2001-04-23 00:00:00,,,,27.35,27.6,27.23,,,,0,10,5
2001-04-24 00:00:00,,,,27.1,27.33,27.1,,,,,,
2001-04-25 00:00:00,,,,27.21,27.5,26.06,,,,,,
2001-04-26 00:00:00,,,,26.8,27.19,26.5,,,,,,
2001-04-27 00:00:00,,,,27.3,27.5,27.01,,,,,,
2001-04-30 00:00:00,,,,31,31.7,30.5,,,,0,11,4
2001-05-01 00:00:00,,,,31.4,31.69,31.1,,,,0,12,3
2001-05-02 00:00:00,,,,31.7,32.3,31.36,,,,0,12,3
2001-05-03 00:00:00,,,,32.5,32.5,31.55,,,,,,
2001-05-04 00:00:00,,,,32.24,32.83,31.8,,,,,,
2001-05-07 00:00:00,,,,32.77,33,32.3,,,,,,
2001-05-08 00:00:00,,,,33,33.35,32.35,,,,,,
2001-05-09 00:00:00,,,,32.9,33.75,32.78,,,,,,
2001-05-10 00:00:00,,,,33.76,33.9,33.49,,,,0,13,3
2001-05-11 00:00:00,,,,33.7,33.93,33.3,,,,,,
2001-05-14 00:00:00,,,,33.5,33.64,33.2,,,,,,
2001-05-15 00:00:00,,,,33.4,33.4,33.04,,,,,,
2001-05-16 00:00:00,,,,33.25,34.25,32.9,,,,,,
2001-05-17 00:00:00,,,,34.05,34.25,33.78,,,,,,
2001-05-18 00:00:00,,,,34,34,33.7,,,,,,
2001-05-21 00:00:00,,,,33.75,34.25,33.6,,,,0,13,3
2001-05-22 00:00:00,,,,33.5,34.23,33.17,,,,,,
2001-05-23 00:00:00,,,,33.65,34.5,33.21,,,,,,
2001-05-24 00:00:00,,,,34.25,34.26,33.4,,,,,,
2001-05-25 00:00:00,,,,33.6,35,33.55,,,,,,
2001-05-29 00:00:00,,,,34.45,34.75,33.96,,,,,,
2001-05-30 00:00:00,,,,34.03,34.4,33.96,,,,,,
2001-05-31 00:00:00,,,,33.55,34.6,33.5,,,,,,
2001-06-01 00:00:00,,,,34.5,34.56,33.8,,,,,,
2001-06-04 00:00:00,,,,34,34.51,33.92,,,,0,13,3
2001-06-05 00:00:00,,,,34.5,34.55,34.2,,,,0,13,3
2001-06-06 00:00:00,,,,34.46,34.54,33.46,,,,,,
2001-06-07 00:00:00,,,,34,35.18,34,,,,0,13,3
2001-06-08 00:00:00,,,,35.25,35.6,35.22,,,,,,
2001-06-11 00:00:00,,,,35.5,35.55,34.59,,,,0,13,3
2001-06-12 00:00:00,,,,34.25,34.5,33.9,,,,,,
2001-06-13 00:00:00,,,,34.75,35.13,34.6,,,,,,
2001-06-14 00:00:00,,,,35.18,35.18,34.5,,,,,,
2001-06-15 00:00:00,,,,34.7,34.99,34.59,,,,0,14,3
2001-06-18 00:00:00,,,,34.78,35.45,34.75,,,,,,
2001-06-19 00:00:00,,,,35.4,35.74,34.93,,,,,,
2001-06-20 00:00:00,,,,35.6,36.36,35.6,,,,,,
2001-06-21 00:00:00,,,,36.15,36.83,36.15,,,,,,
2001-06-22 00:00:00,,,,36.4,36.75,36.11,,,,,,
2001-06-25 00:00:00,,,,36.5,37,36.42,,,,0,14,3
2001-06-26 00:00:00,,,,36.45,36.98,36.4,,,,0,14,3
2001-06-27 00:00:00,,,,36.91,37,36,,,,,,
2001-06-28 00:00:00,,,,36.97,37.48,36.87,,,,,,
2001-06-29 00:00:00,,,,36.6,37.21,36.52,,,,,,
2001-07-02 00:00:00,,,,37.3,37.5,36.5,,,,0,14,3
2001-07-03 00:00:00,,,,37.15,37.15,36.65,,,,,,
2001-07-05 00:00:00,,,,37.1,37.1,35.85,,,,,,
2001-07-06 00:00:00,,,,36.36,36.61,35.56,,,,,,
2001-07-09 00:00:00,,,,36.36,36.8,36.06,,,,,,
2001-07-10 00:00:00,,,,36.76,36.9,36.5,,,,,,
2001-07-11 00:00:00,,,,36.65,37.04,36.59,,,,,,
2001-07-12 00:00:00,,,,36.8,37.4,36.52,,,,,,
2001-07-13 00:00:00,,,,36.75,37.32,36.07,,,,,,
2001-07-16 00:00:00,,,,36.5,37,36.1,,,,0,14,3
2001-07-17 00:00:00,,,,36.15,36.39,35.96,,,,0,14,4
2001-07-18 00:00:00,,,,35.7,36.13,35.6,,,,,,
2001-07-19 00:00:00,,,,36.2,36.63,36.05,,,,0,14,4
2001-07-20 00:00:00,,,,36.5,36.77,36.49,,,,,,
2001-07-23 00:00:00,,,,36.78,38.1,36.78,,,,0,14,4
2001-07-24 00:00:00,,,,38.35,38.49,36.91,,,,0,14,4
2001-07-25 00:00:00,,,,38.25,39.13,38.05,,,,0,14,4
2001-07-26 00:00:00,,,,38.15,38.94,37.96,,,,0,14,4
2001-07-27 00:00:00,,,,39,39.48,38.76,,,,,,
2001-07-30 00:00:00,,,,39.4,40.17,39.06,,,,0,14,4
2001-07-31 00:00:00,,,,40,41.5,39.7,,,,,,
2001-08-01 00:00:00,,,,41.05,41.42,40.26,,,,0,13,5
2001-08-02 00:00:00,,,,40.64,40.8,39.51,,,,,,
2001-08-03 00:00:00,,,,39.89,39.89,39,,,,,,
2001-08-06 00:00:00,,,,39.69,40.1,39.4,,,,,,
2001-08-07 00:00:00,,,,39.55,39.6,39,,,,,,
2001-08-08 00:00:00,,,,38.5,38.99,37.65,,,,,,
2001-08-09 00:00:00,,,,38.15,38.15,36.1,,,,0,13,5
2001-08-10 00:00:00,,,,37.48,38.95,37.41,,,,,,
2001-08-13 00:00:00,,,,38.24,39.87,38.2,,,,,,
2001-08-14 00:00:00,,,,39.98,40.65,39.66,,,,,,
2001-08-15 00:00:00,,,,40.7,40.85,40.37,,,,0,13,6
2001-08-16 00:00:00,,,,40.25,40.6,40.05,,,,,,
2001-08-17 00:00:00,,,,40.6,40.75,40.22,,,,,,
2001-08-20 00:00:00,,,,40.44,40.44,39.09,,,,,,
2001-08-21 00:00:00,,,,39.3,39.95,39.3,,,,,,
2001-08-22 00:00:00,,,,39.69,39.95,39.05,,,,0,13,6
2001-08-23 00:00:00,,,,39.1,40.1,39.09,,,,,,
2001-08-24 00:00:00,,,,39.85,39.99,39.2,,,,,,
2001-08-27 00:00:00,,,,39.9,40.2,39.72,,,,0,13,6
2001-08-28 00:00:00,,,,39.9,40.1,39.17,,,,0,13,6
2001-08-29 00:00:00,,,,39.5,39.56,39.05,,,,,,
2001-08-30 00:00:00,,,,39.17,39.88,38.56,,,,,,
2001-08-31 00:00:00,,,,38.7,40,38.7,,,,,,
2001-09-04 00:00:00,,,,39.55,40.15,39.5,,,,,,
2001-09-05 00:00:00,,,,39.5,40.52,39.15,,,,,,
2001-09-06 00:00:00,,,,39.5,40.3,39.5,,,,0,13,6
2001-09-07 00:00:00,,,,39.9,40.03,39.4,,,,,,
2001-09-10 00:00:00,,,,39.6,39.75,38.66,,,,0,13,6
2001-09-17 00:00:00,,,,39,39,36.6,,,,,,
2001-09-18 00:00:00,,,,37.13,37.29,36.11,,,,,,
2001-09-19 00:00:00,,,,37,37.7,35.61,,,,,,
2001-09-20 00:00:00,,,,36.35,36.8,35.1,,,,,,
2001-09-21 00:00:00,,,,34.75,35,33.79,,,,,,
2001-09-24 00:00:00,,,,34.15,35,34.1,,,,,,
2001-09-25 00:00:00,,,,33.5,35.19,33.5,,,,,,
2001-09-26 00:00:00,,,,35.5,36.5,35.45,,,,0,13,6
2001-09-27 00:00:00,,,,36.75,37.5,36.65,,,,,,
2001-09-28 00:00:00,,,,37.85,38.3,37.6,,,,,,
2001-10-01 00:00:00,,,,37.79,38.45,37.65,,,,0,13,6
2001-10-02 00:00:00,,,,37.98,38.8,37.98,,,,,,
2001-10-03 00:00:00,,,,38.35,39,38.2,,,,,,
2001-10-04 00:00:00,,,,39,39.2,38.4,,,,0,13,6
2001-10-05 00:00:00,,,,38.7,38.74,37.9,,,,,,
2001-10-08 00:00:00,,,,38.47,38.48,37.61,,,,0,13,6
2001-10-09 00:00:00,,,,38.2,38.55,38.15,,,,,,
2001-10-10 00:00:00,,,,38.4,38.7,38.1,,,,,,
2001-10-11 00:00:00,,,,37.97,38.22,36.2,,,,0,13,6
2001-10-12 00:00:00,,,,36.75,36.9,36.2,,,,,,
2001-10-15 00:00:00,,,,36,37.5,36,,,,,,
2001-10-16 00:00:00,,,,37.4,37.96,37.15,,,,,,
2001-10-17 00:00:00,,,,37.8,37.86,37.21,,,,,,
2001-10-18 00:00:00,,,,37.26,37.35,36.33,,,,,,
2001-10-19 00:00:00,,,,36.7,36.89,36.27,,,,,,
2001-10-22 00:00:00,,,,36.45,37.55,36.3,,,,,,
2001-10-23 00:00:00,,,,39,39.4,38.45,,,,0,13,6
2001-10-24 00:00:00,,,,39.3,39.5,38.35,,,,0,14,5
2001-10-25 00:00:00,,,,38.64,39,38.15,,,,,,
2001-10-26 00:00:00,,,,39.35,39.92,38.93,,,,,,
2001-10-29 00:00:00,,,,39.95,39.98,39.34,,,,,,
2001-10-30 00:00:00,,,,39.2,39.2,37.05,,,,,,
2001-10-31 00:00:00,,,,37.49,37.61,36.75,,,,,,
2001-11-01 00:00:00,,,,37.15,37.19,35.73,,,,,,
2001-11-02 00:00:00,,,,35.95,36.65,35.6,,,,0,14,5
2001-11-05 00:00:00,,,,36.45,36.99,36.4,,,,,,
2001-11-06 00:00:00,,,,36.62,37.2,35.57,,,,,,
2001-11-07 00:00:00,,,,35.93,36.18,35.67,,,,,,
2001-11-08 00:00:00,,,,36.1,36.1,34.45,,,,,,
2001-11-09 00:00:00,,,,34.86,35.3,34.45,,,,0,14,5
2001-11-12 00:00:00,,,,35.2,35.71,34.7,,,,,,
2001-11-13 00:00:00,,,,35.5,36,35.16,,,,,,
2001-11-14 00:00:00,,,,35.7,36.15,35.55,,,,,,
2001-11-15 00:00:00,,,,35.65,36.4,35.62,,,,,,
2001-11-16 00:00:00,,,,36.1,36.42,35.98,,,,0,14,5
2001-11-19 00:00:00,,,,36.31,36.95,36.25,,,,,,
2001-11-20 00:00:00,,,,36.93,37.67,36.85,,,,,,
2001-11-21 00:00:00,,,,37.37,38,37.27,,,,,,
2001-11-23 00:00:00,,,,37.56,37.66,37.2,,,,,,
2001-11-26 00:00:00,,,,37.6,37.6,36.95,,,,,,
2001-11-27 00:00:00,,,,38,38.4,37.65,,,,0,14,5
2001-11-28 00:00:00,,,,37.95,38.11,37.17,,,,0,14,5
2001-11-29 00:00:00,,,,37.75,37.85,37,,,,0,15,4
2001-11-30 00:00:00,,,,37.14,37.43,37.08,,,,0,14,4
2001-12-03 00:00:00,,,,37.37,37.48,37.26,,,,0,14,4
2001-12-04 00:00:00,,,,37.3,37.4,37.1,,,,0,14,4
2001-12-05 00:00:00,,,,36.7,37.24,36.7,,,,0,15,4
2001-12-06 00:00:00,,,,37.2,37.3,35.94,,,,0,15,4
2001-12-07 00:00:00,,,,36.1,36.55,35.7,,,,0,15,4
2001-12-10 00:00:00,,,,36.43,36.43,35.6,,,,,,
2001-12-11 00:00:00,,,,35.86,36.25,35.72,,,,,,
2001-12-12 00:00:00,,,,35.97,36.15,34.78,,,,,,
2001-12-13 00:00:00,,,,35.15,36.37,35.15,,,,,,
2001-12-14 00:00:00,,,,36.1,37,35.75,,,,,,
2001-12-17 00:00:00,,,,36.37,37.08,36.21,,,,,,
2001-12-18 00:00:00,,,,37,38,36.91,,,,,,
2001-12-19 00:00:00,,,,37.46,37.46,36.95,,,,,,
2001-12-20 00:00:00,,,,36.74,37.2,36.74,,,,,,
2001-12-21 00:00:00,,,,36.99,37.39,36.67,,,,0,16,4
2001-12-24 00:00:00,,,,37.23,37.5,37.05,,,,,,
2001-12-26 00:00:00,,,,37.05,37.47,36.8,,,,,,
2001-12-27 00:00:00,,,,37.05,37.18,36.8,,,,,,
2001-12-28 00:00:00,,,,37,37.44,37,,,,,,
2001-12-31 00:00:00,,,,37.39,37.7,36.96,,,,,,
2002-01-02 00:00:00,,,,37.3,37.88,37,,,,,,
2002-01-03 00:00:00,,,,37.35,37.8,37.01,,,,,,
2002-01-04 00:00:00,,,,37.15,37.16,36.19,,,,,,
2002-01-07 00:00:00,,,,36.27,36.8,36.25,,,,,,
2002-01-08 00:00:00,,,,36.25,36.3,35.15,,,,0,16,4
2002-01-09 00:00:00,,,,36,36.39,35.04,,,,,,
2002-01-10 00:00:00,,,,34.95,35.6,34.5,,,,,,
2002-01-11 00:00:00,,,,35.2,36.05,35.15,,,,0,16,4
2002-01-14 00:00:00,,,,35.95,37.3,35.95,,,,0,16,4
2002-01-15 00:00:00,,,,36.5,36.7,35.5,,,,0,16,4
2002-01-16 00:00:00,,,,35.85,36.61,35.7,,,,,,
2002-01-17 00:00:00,,,,36.35,37.15,36.11,,,,,,
2002-01-18 00:00:00,,,,37.04,37.4,36.85,,,,,,
2002-01-22 00:00:00,,,,38.25,38.99,38.2,,,,0,16,4
2002-01-23 00:00:00,,,,39,39.29,38.86,,,,0,17,4
2002-01-24 00:00:00,,,,39.26,39.48,38.89,,,,,,
2002-01-25 00:00:00,,,,39.2,39.4,38.84,,,,,,
2002-01-28 00:00:00,,,,39.51,39.55,38.95,,,,0,17,4
2002-01-29 00:00:00,,,,39,39.18,38.01,,,,0,17,4
2002-01-30 00:00:00,,,,38,38.7,37.73,,,,0,17,4
2002-01-31 00:00:00,,,,37.8,38.72,37.6,,,,0,17,5
2002-02-01 00:00:00,,,,38.25,38.49,37.6,,,,0,17,5
2002-02-04 00:00:00,,,,37.75,37.9,37.11,,,,,,
2002-02-05 00:00:00,,,,37,37.91,36.95,,,,,,
2002-02-06 00:00:00,,,,37.5,37.6,36.79,,,,,,
2002-02-07 00:00:00,,,,36.8,37.26,36.47,,,,,,
2002-02-08 00:00:00,,,,36.71,37.2,36.18,,,,0,17,5
2002-02-11 00:00:00,,,,36.55,37,36.38,,,,,,
2002-02-12 00:00:00,,,,36.5,37.3,36.4,,,,,,
2002-02-13 00:00:00,,,,37.57,37.98,37.13,,,,,,
2002-02-14 00:00:00,,,,37.35,37.81,37.31,,,,,,
2002-02-15 00:00:00,,,,37.69,37.69,36.69,,,,,,
2002-02-19 00:00:00,,,,36.55,36.91,36.03,,,,,,
2002-02-20 00:00:00,,,,36.15,36.15,35.5,,,,0,17,5
2002-02-21 00:00:00,,,,36.1,36.7,35.9,,,,,,
2002-02-22 00:00:00,,,,35.9,36,35.35,,,,0,17,5
2002-02-25 00:00:00,,,,35.15,35.38,33.25,,,,,,
2002-02-26 00:00:00,,,,34.4,34.52,33.91,,,,0,17,5
2002-02-27 00:00:00,,,,34.65,35.5,34.61,,,,,,
2002-02-28 00:00:00,,,,34.8,35.66,34.7,,,,,,
2002-03-01 00:00:00,,,,35.6,35.6,33.4,,,,0,17,4
2002-03-04 00:00:00,,,,33.9,34.3,32.19,,,,0,17,4
2002-03-05 00:00:00,,,,32.19,32.19,30.4,,,,0,17,4
2002-03-06 00:00:00,,,,31.5,32.27,30.72,,,,,,
2002-03-07 00:00:00,,,,32.75,33.34,32.45,,,,0,17,4
2002-03-08 00:00:00,,,,33.24,33.53,33.15,,,,,,
2002-03-11 00:00:00,,,,33.48,34.15,33.42,,,,,,
2002-03-12 00:00:00,,,,33.93,34.55,33.52,,,,,,
2002-03-13 00:00:00,,,,34.53,36,34.5,,,,,,
2002-03-14 00:00:00,,,,35.35,36.44,35.35,,,,0,18,4
2002-03-15 00:00:00,,,,37,37.34,36.75,,,,,,
2002-03-18 00:00:00,,,,38.25,38.7,37.66,,,,0,18,4
2002-03-19 00:00:00,,,,38.11,39.1,37.95,,,,0,18,4
2002-03-20 00:00:00,,,,38.42,38.49,37.24,,,,0,18,4
2002-03-21 00:00:00,,,,37.1,38.08,37.07,,,,,,
2002-03-22 00:00:00,,,,37.99,38.8,37.6,,,,,,
2002-03-25 00:00:00,,,,38.64,38.7,37.85,,,,,,
2002-03-26 00:00:00,,,,37.95,38.4,37.32,,,,,,
2002-03-27 00:00:00,,,,37.55,38.05,37.3,,,,0,18,3
2002-03-28 00:00:00,,,,37.7,37.95,37.2,,,,,,
2002-04-01 00:00:00,,,,37.68,38.07,37.4,,,,,,
2002-04-02 00:00:00,,,,37.65,37.68,37.26,,,,,,
2002-04-03 00:00:00,,,,37.15,37.15,36.52,,,,,,
2002-04-04 00:00:00,,,,36.52,36.52,35.03,,,,,,
2002-04-05 00:00:00,,,,35.9,35.9,34.5,,,,,,
2002-04-08 00:00:00,,,,35,35.8,34.92,,,,0,18,3
2002-04-09 00:00:00,,,,35.7,35.93,35.48,,,,,,
2002-04-10 00:00:00,,,,35.55,36.75,35.53,,,,0,18,3
2002-04-11 00:00:00,,,,36.85,37.75,36.24,,,,0,18,3
2002-04-12 00:00:00,,,,36.5,37,36.25,,,,,,
2002-04-15 00:00:00,,,,36.72,36.72,35.81,,,,0,18,3
2002-04-16 00:00:00,,,,36.4,37.15,36.4,,,,,,
2002-04-17 00:00:00,,,,36.85,37.15,36.6,,,,,,
2002-04-18 00:00:00,,,,37.32,38.56,37.05,,,,,,
2002-04-19 00:00:00,,,,37.8,38.9,37.4,,,,,,
2002-04-22 00:00:00,,,,39.5,40.2,39.45,,,,0,18,3
2002-04-23 00:00:00,,,,38.99,38.99,38.1,,,,,,
2002-04-24 00:00:00,,,,38.7,39.39,38.6,,,,,,
2002-04-25 00:00:00,,,,38.64,41,38.64,,,,,,
2002-04-26 00:00:00,,,,40.99,41.95,40.11,,,,,,
2002-04-29 00:00:00,,,,41.7,41.7,40.3,,,,0,18,3
2002-04-30 00:00:00,,,,41,41,38.9,,,,0,18,3
2002-05-01 00:00:00,,,,42,42,40.8,,,,0,18,3
2002-05-02 00:00:00,,,,41.25,41.53,40,,,,0,17,3
2002-05-03 00:00:00,,,,41.4,41.4,40.55,,,,0,17,3
2002-05-06 00:00:00,,,,40.36,40.55,39.7,,,,0,18,3
2002-05-07 00:00:00,,,,39.89,39.89,38.76,,,,,,
2002-05-08 00:00:00,,,,39.1,39.39,38.4,,,,,,
2002-05-09 00:00:00,,,,38.9,38.99,38.49,,,,,,
2002-05-10 00:00:00,,,,38.25,38.25,37.65,,,,,,
2002-05-13 00:00:00,,,,37.85,37.85,36.45,,,,0,18,3
2002-05-14 00:00:00,,,,36.85,37.45,36.72,,,,,,
2002-05-15 00:00:00,,,,37.1,38.96,37.1,,,,,,
2002-05-16 00:00:00,,,,38.1,38.1,37.2,,,,,,
2002-05-17 00:00:00,,,,37.55,37.74,37.05,,,,,,
2002-05-20 00:00:00,,,,37.4,37.7,36.91,,,,0,18,3
2002-05-21 00:00:00,,,,37,37.25,36.32,,,,,,
2002-05-22 00:00:00,,,,36.49,36.6,35.5,,,,0,18,3
2002-05-23 00:00:00,,,,36.15,36.74,35.9,,,,0,18,3
2002-05-24 00:00:00,,,,36.4,36.85,36.05,,,,0,18,3
2002-05-28 00:00:00,,,,36.3,36.63,36.15,,,,,,
2002-05-29 00:00:00,,,,36.3,37.05,36.3,,,,,,
2002-05-30 00:00:00,,,,36.76,37.01,36.25,,,,,,
2002-05-31 00:00:00,,,,36.5,37.55,36.5,,,,,,
2002-06-03 00:00:00,,,,37.25,38.05,36.85,,,,0,18,3
2002-06-04 00:00:00,,,,37.15,37.35,36.65,,,,0,18,3
2002-06-05 00:00:00,,,,36.7,37.19,36.45,,,,0,18,3
2002-06-06 00:00:00,,,,36.8,36.99,36.29,,,,0,18,3
2002-06-07 00:00:00,,,,36,36.69,36,,,,,,
2002-06-10 00:00:00,,,,36.4,37.9,36.3,,,,0,18,3
2002-06-11 00:00:00,,,,37.65,37.8,36.2,,,,,,
2002-06-12 00:00:00,,,,36.1,36.15,34.94,,,,,,
2002-06-13 00:00:00,,,,35.08,35.43,34.99,,,,,,
2002-06-14 00:00:00,,,,35.24,35.55,33.2,,,,,,
2002-06-17 00:00:00,,,,35.42,36.34,34.8,,,,,,
2002-06-18 00:00:00,,,,36.25,36.45,35.8,,,,0,18,3
2002-06-19 00:00:00,,,,35.75,36.7,35.7,,,,,,
2002-06-20 00:00:00,,,,35.8,36.55,35.5,,,,,,
2002-06-21 00:00:00,,,,36.1,36.7,35.61,,,,,,
2002-06-24 00:00:00,,,,35.5,35.65,34.4,,,,0,18,3
2002-06-25 00:00:00,,,,34.85,35.65,33.69,,,,0,18,3
2002-06-26 00:00:00,,,,32.84,33.96,32.25,,,,,,
2002-06-27 00:00:00,,,,34.25,35.2,34.1,,,,,,
2002-06-28 00:00:00,,,,34.65,34.66,32.7,,,,0,17,3
2002-07-01 00:00:00,,,,33,33.25,31.15,,,,,,
2002-07-02 00:00:00,,,,32.25,32.4,29.4,,,,0,17,3
2002-07-03 00:00:00,,,,30.65,31.5,30.25,,,,,,
2002-07-05 00:00:00,,,,32.75,32.85,32.15,,,,,,
2002-07-08 00:00:00,,,,32.28,32.4,31.5,,,,,,
2002-07-09 00:00:00,,,,31.53,31.6,29.49,,,,,,
2002-07-10 00:00:00,,,,31,31.45,29.64,,,,,,
2002-07-11 00:00:00,,,,29.4,29.7,27.8,,,,,,
2002-07-12 00:00:00,,,,30.15,31.03,29.65,,,,,,
2002-07-15 00:00:00,,,,30.15,30.15,28.58,,,,,,
2002-07-16 00:00:00,,,,29.75,31.3,29.58,,,,,,
2002-07-17 00:00:00,,,,31.6,31.6,30.78,,,,,,
2002-07-18 00:00:00,,,,31.1,31.25,30,,,,,,
2002-07-19 00:00:00,,,,29.3,29.77,28.5,,,,,,
2002-07-22 00:00:00,,,,28.7,28.95,27.23,,,,0,17,3
2002-07-23 00:00:00,,,,28.8,29.2,28,,,,0,17,3
2002-07-24 00:00:00,,,,27.4,29.79,26.5,,,,0,17,3
2002-07-25 00:00:00,,,,29.7,30.7,29.05,,,,,,
2002-07-26 00:00:00,,,,30.59,30.59,29.9,,,,,,
2002-07-29 00:00:00,,,,31.2,33,31.2,,,,,,
2002-07-30 00:00:00,,,,32.99,34.25,32.7,,,,,,
2002-07-31 00:00:00,,,,33.7,34.1,32.22,,,,,,
2002-08-01 00:00:00,,,,32.92,32.93,31.45,,,,,,
2002-08-02 00:00:00,,,,32.5,32.5,31.02,,,,,,
2002-08-05 00:00:00,,,,31.6,31.95,30.2,,,,0,17,3
2002-08-06 00:00:00,,,,31,31.74,30.81,,,,,,
2002-08-07 00:00:00,,,,31.55,32.21,31.35,,,,,,
2002-08-08 00:00:00,,,,32,33.79,31.7,,,,0,17,3
2002-08-09 00:00:00,,,,33.4,34.1,32.95,,,,,,
2002-08-12 00:00:00,,,,33.4,34,33.25,,,,,,
2002-08-13 00:00:00,,,,33.89,34.15,33.16,,,,,,
2002-08-14 00:00:00,,,,33.1,34.25,32.75,,,,,,
2002-08-15 00:00:00,,,,34.5,34.9,34,,,,,,
2002-08-16 00:00:00,,,,34.4,35,34.14,,,,,,
2002-08-19 00:00:00,,,,34.35,34.98,34.05,,,,0,16,3
2002-08-20 00:00:00,,,,34.98,34.98,34.08,,,,,,
2002-08-21 00:00:00,,,,35.01,35.15,33.9,,,,,,
2002-08-22 00:00:00,,,,34.5,35.2,34.25,,,,,,
2002-08-23 00:00:00,,,,35,35.17,34.61,,,,0,16,3
2002-08-26 00:00:00,,,,34.78,34.95,34.3,,,,,,
2002-08-27 00:00:00,,,,35,35.25,33.8,,,,,,
2002-08-28 00:00:00,,,,33.93,33.98,32.89,,,,,,
2002-08-29 00:00:00,,,,32.5,33.75,32.5,,,,,,
2002-08-30 00:00:00,,,,33.5,33.85,33.23,,,,,,
2002-09-03 00:00:00,,,,33.29,33.29,32.26,,,,,,
2002-09-04 00:00:00,,,,32.3,33.7,32,,,,,,
2002-09-05 00:00:00,,,,33.5,33.5,32.6,,,,,,
2002-09-06 00:00:00,,,,32.8,32.8,31.48,,,,0,16,4
2002-09-09 00:00:00,,,,31.77,32.25,31.1,,,,0,16,4
2002-09-10 00:00:00,,,,32.15,32.3,31.32,,,,,,
2002-09-11 00:00:00,,,,31.7,31.85,31.32,,,,,,
2002-09-12 00:00:00,,,,31.3,31.34,30.75,,,,0,16,4
2002-09-13 00:00:00,,,,30.7,31.36,30.47,,,,0,16,4
2002-09-16 00:00:00,,,,31.2,31.33,30.47,,,,,,
2002-09-17 00:00:00,,,,30.45,30.5,29.2,,,,0,16,4
2002-09-18 00:00:00,,,,29.7,30.24,29.15,,,,,,
2002-09-19 00:00:00,,,,29.75,30,29.32,,,,0,15,4
2002-09-20 00:00:00,,,,29.38,29.75,29.28,,,,0,15,4
2002-09-23 00:00:00,,,,29,29.18,28.4,,,,0,15,4
2002-09-24 00:00:00,,,,28.8,29.04,28.2,,,,,,
2002-09-25 00:00:00,,,,29,29.4,28.81,,,,0,14,5
2002-09-26 00:00:00,,,,29.6,30.24,29.3,,,,,,
2002-09-27 00:00:00,,,,29.65,29.88,28.81,,,,,,
2002-09-30 00:00:00,,,,28.7,28.78,27.59,,,,,,
2002-10-01 00:00:00,,,,28.2,28.3,27.5,,,,,,
2002-10-02 00:00:00,,,,27.86,28.25,26.98,,,,,,
2002-10-03 00:00:00,,,,27.08,27.81,27,,,,,,
2002-10-04 00:00:00,,,,27.6,27.6,25.5,,,,,,
2002-10-07 00:00:00,,,,25.85,26.2,24.99,,,,,,
2002-10-08 00:00:00,,,,25.9,26.9,25.2,,,,,,
2002-10-09 00:00:00,,,,26.5,26.76,25.85,,,,,,
2002-10-10 00:00:00,,,,26.16,27.27,25.5,,,,,,
2002-10-11 00:00:00,,,,27.75,29.6,27.71,,,,,,
2002-10-14 00:00:00,,,,29,29.36,28.25,,,,,,
2002-10-15 00:00:00,,,,29.61,30.2,29.45,,,,,,
2002-10-16 00:00:00,,,,29.6,30,28.6,,,,,,
2002-10-17 00:00:00,,,,29.7,29.8,28.97,,,,,,
2002-10-18 00:00:00,,,,28.95,28.97,28.1,,,,,,
2002-10-21 00:00:00,,,,28.65,29.75,28.2,,,,0,15,5
2002-10-22 00:00:00,,,,29,31.02,28.85,,,,0,15,5
2002-10-23 00:00:00,,,,30.87,31.6,30.3,,,,,,
2002-10-24 00:00:00,,,,31.49,31.54,30.82,,,,,,
2002-10-25 00:00:00,,,,30.85,31.81,30.7,,,,,,
2002-10-28 00:00:00,,,,31.95,31.99,31.05,,,,,,
2002-10-29 00:00:00,,,,31.05,31.25,30.1,,,,,,
2002-10-30 00:00:00,,,,30.77,31,30.3,,,,,,
2002-10-31 00:00:00,,,,30.59,31.12,29.51,,,,0,14,6
2002-11-01 00:00:00,,,,29.72,30.83,29.46,,,,,,
2002-11-04 00:00:00,,,,30.75,31.34,30.63,,,,0,13,7
2002-11-05 00:00:00,,,,30.8,31.05,29.64,,,,,,
2002-11-06 00:00:00,,,,30.17,30.68,29.9,,,,,,
2002-11-07 00:00:00,,,,30.51,30.7,29.8,,,,,,
2002-11-08 00:00:00,,,,30.15,30.15,28.35,,,,,,
2002-11-11 00:00:00,,,,28.91,29.2,28.48,,,,0,12,7
2002-11-12 00:00:00,,,,28.95,29,28.1,,,,,,
2002-11-13 00:00:00,,,,28.25,28.99,27.6,,,,,,
2002-11-14 00:00:00,,,,28.1,28.4,27.3,,,,,,
2002-11-15 00:00:00,,,,27.65,28.36,27.63,,,,,,
2002-11-18 00:00:00,,,,28.41,28.94,28.26,,,,0,13,6
2002-11-19 00:00:00,,,,25.6,27.22,25.5,,,,,,
2002-11-20 00:00:00,,,,26.88,27.32,26.75,,,,0,13,6
2002-11-21 00:00:00,,,,27.6,27.66,26.68,,,,,,
2002-11-22 00:00:00,,,,27.18,27.77,27.13,,,,,,
2002-11-25 00:00:00,,,,27.55,27.7,26.94,,,,,,
2002-11-26 00:00:00,,,,26.99,27.15,25.96,,,,,,
2002-11-27 00:00:00,,,,25.9,26.34,25.9,,,,,,
2002-11-29 00:00:00,,,,25.9,26.45,25.9,,,,,,
2002-12-02 00:00:00,,,,26.01,26.64,26.01,,,,,,
2002-12-03 00:00:00,,,,26,26.78,25.8,,,,0,13,6
2002-12-04 00:00:00,,,,26.1,27.45,26,,,,,,
2002-12-05 00:00:00,,,,27.13,27.25,26.15,,,,,,
2002-12-06 00:00:00,,,,26.1,27.05,26.03,,,,,,
2002-12-09 00:00:00,,,,26.69,27.15,26.32,,,,0,13,6
2002-12-10 00:00:00,,,,26.38,27,25.8,,,,,,
2002-12-11 00:00:00,,,,26.5,27.31,26.5,,,,0,13,6
2002-12-12 00:00:00,,,,27,27.3,26.76,,,,,,
2002-12-13 00:00:00,,,,27,27.33,26.7,,,,0,13,6
2002-12-16 00:00:00,,,,26.69,27.25,26.62,,,,0,13,6
2002-12-17 00:00:00,,,,26.9,26.95,26.3,,,,0,13,6
2002-12-18 00:00:00,,,,26.45,26.66,26.15,,,,,,
2002-12-19 00:00:00,,,,26.3,26.8,26.05,,,,,,
2002-12-20 00:00:00,,,,26.08,26.15,25.22,,,,,,
2002-12-23 00:00:00,,,,26.4,26.7,26.13,,,,,,
2002-12-24 00:00:00,,,,26.3,26.74,26.3,,,,,,
2002-12-26 00:00:00,,,,26.55,26.88,26.42,,,,,,
2002-12-27 00:00:00,,,,26.58,26.71,26.35,,,,,,
2002-12-30 00:00:00,,,,26.4,26.75,26.11,,,,,,
2002-12-31 00:00:00,,,,26.58,27.25,26.55,,,,,,
2003-01-02 00:00:00,,,,27.03,27.98,27.03,,,,,,
2003-01-03 00:00:00,,,,27.91,28.51,27.91,,,,0,13,6
2003-01-06 00:00:00,,,,28.2,28.49,27.86,,,,0,13,6
2003-01-07 00:00:00,,,,28.2,28.4,27.85,,,,0,13,6
2003-01-08 00:00:00,,,,28.1,28.3,27.75,,,,0,13,6
2003-01-09 00:00:00,,,,27.9,28.35,27.9,,,,0,13,6
2003-01-10 00:00:00,,,,28.18,28.4,27.95,,,,,,
2003-01-13 00:00:00,,,,28.3,28.49,28.07,,,,,,
2003-01-14 00:00:00,,,,27.85,28.29,27.78,,,,,,
2003-01-15 00:00:00,,,,28.27,28.29,27.62,,,,,,
2003-01-16 00:00:00,,,,27.8,28.35,27.8,,,,,,
2003-01-17 00:00:00,,,,28.05,28.85,28.05,,,,,,
2003-01-21 00:00:00,,,,28.75,29.24,28.53,,,,,,
2003-01-22 00:00:00,,,,29,29.75,29,,,,0,13,6
2003-01-23 00:00:00,,,,29.3,29.4,27.85,,,,,,
2003-01-24 00:00:00,,,,28.37,28.8,27.8,,,,,,
2003-01-27 00:00:00,,,,27.85,27.85,27.15,,,,,,
2003-01-28 00:00:00,,,,27.82,28.32,27.28,,,,,,
2003-01-29 00:00:00,,,,28.15,28.82,27.8,,,,,,
2003-01-30 00:00:00,,,,28.1,29,27.88,,,,,,
2003-01-31 00:00:00,,,,27.86,28.47,27.78,,,,,,
2003-02-03 00:00:00,,,,28.43,28.55,27.84,,,,,,
2003-02-04 00:00:00,,,,27.84,27.89,27,,,,,,
2003-02-05 00:00:00,,,,27.3,27.38,26.9,,,,,,
2003-02-06 00:00:00,,,,26.67,26.95,26.48,,,,,,
2003-02-07 00:00:00,,,,26.74,27.06,26.52,,,,0,13,6
2003-02-10 00:00:00,,,,27.2,27.5,26.93,,,,,,
2003-02-11 00:00:00,,,,27.55,27.75,26.83,,,,,,
2003-02-12 00:00:00,,,,27.05,27.18,26.25,,,,,,
2003-02-13 00:00:00,,,,26.33,26.36,25,,,,,,
2003-02-14 00:00:00,,,,25,26.11,24.4,,,,0,13,6
2003-02-18 00:00:00,,,,26.3,27.13,26.15,,,,,,
2003-02-19 00:00:00,,,,27.06,27.14,26.84,,,,,,
2003-02-20 00:00:00,,,,27.03,27.08,26.88,,,,,,
2003-02-21 00:00:00,,,,26.98,27.64,26.73,,,,,,
2003-02-24 00:00:00,,,,27.4,27.4,26.52,,,,,,
2003-02-25 00:00:00,,,,26.69,27.12,26.04,,,,0,12,6
2003-02-26 00:00:00,,,,27.03,27.5,26.86,,,,0,12,5
2003-02-27 00:00:00,,,,26.89,27.38,26.78,,,,0,12,4
2003-02-28 00:00:00,,,,26.75,27.48,26.2,,,,0,12,4
2003-03-03 00:00:00,,,,26.5,27.08,26.03,,,,,,
2003-03-04 00:00:00,,,,26.25,26.25,25.72,,,,,,
2003-03-05 00:00:00,,,,25.72,25.93,25.64,,,,,,
2003-03-06 00:00:00,,,,25.91,25.91,25.43,,,,,,
2003-03-07 00:00:00,,,,25.66,25.83,25.45,,,,,,
2003-03-10 00:00:00,,,,25.6,25.66,24.74,,,,,,
2003-03-11 00:00:00,,,,24.9,24.95,24.1,,,,,,
2003-03-12 00:00:00,,,,24.33,24.6,24.26,,,,,,
2003-03-13 00:00:00,,,,24.57,24.64,23.01,,,,0,11,5
2003-03-14 00:00:00,,,,23.8,23.8,22.75,,,,,,
2003-03-17 00:00:00,,,,23.26,24.36,23.06,,,,0,11,5
2003-03-18 00:00:00,,,,24.59,24.99,24.5,,,,,,
2003-03-19 00:00:00,,,,24.95,25.22,24.6,,,,0,11,5
2003-03-20 00:00:00,,,,25.11,25.11,24.21,,,,,,
2003-03-21 00:00:00,,,,25.2,25.55,24.97,,,,0,11,5
2003-03-24 00:00:00,,,,24.65,24.83,24.4,,,,,,
2003-03-25 00:00:00,,,,24.58,25.48,24.55,,,,,,
2003-03-26 00:00:00,,,,25.4,25.66,25.15,,,,,,
2003-03-27 00:00:00,,,,25.21,25.21,24.8,,,,0,10,5
2003-03-28 00:00:00,,,,24.8,25.52,24.8,,,,,,
2003-03-31 00:00:00,,,,25.3,25.3,24.81,,,,,,
2003-04-01 00:00:00,,,,24.93,25.32,24.72,,,,,,
2003-04-02 00:00:00,,,,25.65,25.69,25.17,,,,,,
2003-04-03 00:00:00,,,,24,26.05,24,,,,,,
2003-04-04 00:00:00,,,,25.65,25.9,24.97,,,,0,10,5
2003-04-07 00:00:00,,,,25.8,25.8,24.81,,,,,,
2003-04-08 00:00:00,,,,24.82,24.9,24.42,,,,,,
2003-04-09 00:00:00,,,,24.82,25,24.15,,,,0,11,5
2003-04-10 00:00:00,,,,24.6,24.6,24.05,,,,,,
2003-04-11 00:00:00,,,,24.48,24.8,24.45,,,,,,
2003-04-14 00:00:00,,,,24.49,24.98,24.3,,,,,,
2003-04-15 00:00:00,,,,24.65,24.98,24.55,,,,,,
2003-04-16 00:00:00,,,,25.1,25.2,24.46,,,,,,
2003-04-17 00:00:00,,,,24.69,24.77,23.86,,,,0,11,5
2003-04-21 00:00:00,,,,24.13,24.15,23.6,,,,,,
2003-04-22 00:00:00,,,,23.7,24.46,23.43,,,,,,
2003-04-23 00:00:00,,,,22.61,23.75,22.61,,,,,,
2003-04-24 00:00:00,,,,24,24.23,23.85,,,,,,
2003-04-25 00:00:00,,,,24,24.4,23.9,,,,,,
2003-04-28 00:00:00,,,,24.15,24.44,23.94,,,,0,10,5
2003-04-29 00:00:00,,,,24.13,25.02,24.05,,,,0,10,5
2003-04-30 00:00:00,,,,26.85,28.2,26.6,,,,0,10,5
2003-05-01 00:00:00,,,,27.78,28.48,27.2,,,,,,
2003-05-02 00:00:00,,,,28,29.45,27.87,,,,0,9,5
2003-05-05 00:00:00,,,,29.12,29.49,28.83,,,,,,
2003-05-06 00:00:00,,,,28.97,29.3,28.97,,,,,,
2003-05-07 00:00:00,,,,28.73,28.94,28.5,,,,,,
2003-05-08 00:00:00,,,,28.27,28.74,28.1,,,,0,9,6
2003-05-09 00:00:00,,,,28.54,28.59,28.15,,,,,,
2003-05-12 00:00:00,,,,28.62,28.8,28.35,,,,,,
2003-05-13 00:00:00,,,,28.8,29.1,28.47,,,,,,
2003-05-14 00:00:00,,,,29.01,29.12,28.5,,,,,,
2003-05-15 00:00:00,,,,28.99,29.3,28.6,,,,,,
2003-05-16 00:00:00,,,,29.25,29.42,29.04,,,,,,
2003-05-19 00:00:00,,,,29.4,29.4,27.91,,,,0,8,6
2003-05-20 00:00:00,,,,28.17,28.28,27.69,,,,,,
2003-05-21 00:00:00,,,,28.12,28.55,28.06,,,,0,8,6
2003-05-22 00:00:00,,,,28.46,29.48,28.44,,,,,,
2003-05-23 00:00:00,,,,29.15,29.58,29.14,,,,,,
2003-05-27 00:00:00,,,,29.2,30.16,29.11,,,,,,
2003-05-28 00:00:00,,,,30.36,30.6,29.92,,,,,,
2003-05-29 00:00:00,,,,30.3,30.49,29.97,,,,,,
2003-05-30 00:00:00,,,,30.11,30.6,30.05,,,,,,
2003-06-02 00:00:00,,,,30.6,31.11,30.45,,,,,,
2003-06-03 00:00:00,,,,30.79,31.06,30.51,,,,0,8,6
2003-06-04 00:00:00,,,,30.8,31.95,30.8,,,,,,
2003-06-05 00:00:00,,,,31.5,32.32,31.2,,,,,,
2003-06-06 00:00:00,,,,33,34.06,32.3,,,,,,
2003-06-09 00:00:00,,,,32.8,33,32,,,,0,8,6
2003-06-10 00:00:00,,,,32.4,32.46,31.81,,,,,,
2003-06-11 00:00:00,,,,32.2,33.31,32.15,,,,,,
2003-06-12 00:00:00,,,,33.98,34.15,33.7,,,,0,8,6
2003-06-13 00:00:00,,,,34.07,34.7,34,,,,,,
2003-06-16 00:00:00,,,,34.98,36.1,34.83,,,,,,
2003-06-17 00:00:00,,,,36.6,37.12,36.3,,,,0,8,6
2003-06-18 00:00:00,,,,36.85,36.9,35.65,,,,,,
2003-06-19 00:00:00,,,,36,36.25,35.6,,,,0,8,6
2003-06-20 00:00:00,,,,36.35,36.7,35.95,,,,0,8,6
2003-06-23 00:00:00,,,,35.76,35.76,34.54,,,,,,
2003-06-24 00:00:00,,,,34.95,35.9,34.85,,,,,,
2003-06-25 00:00:00,,,,34.87,35.42,34.65,,,,0,8,6
2003-06-26 00:00:00,,,,34.88,35.92,34.81,,,,0,7,6
2003-06-27 00:00:00,,,,35.68,36.07,35.61,,,,,,
2003-06-30 00:00:00,,,,35.92,36.45,35.48,,,,0,7,6
2003-07-01 00:00:00,,,,35.6,35.61,34.43,,,,,,
2003-07-02 00:00:00,,,,35.15,35.52,35.1,,,,,,
2003-07-03 00:00:00,,,,35.25,35.44,34.91,,,,0,7,6
2003-07-07 00:00:00,,,,35.43,36.01,35.43,,,,0,7,6
2003-07-08 00:00:00,,,,35.58,36.16,35.5,,,,,,
2003-07-09 00:00:00,,,,36.04,36.74,35.82,,,,,,
2003-07-10 00:00:00,,,,36.27,36.28,35.53,,,,0,7,7
2003-07-11 00:00:00,,,,35.86,36.46,35.84,,,,,,
2003-07-14 00:00:00,,,,36.3,36.47,36,,,,,,
2003-07-15 00:00:00,,,,36.18,36.24,35.8,,,,,,
2003-07-16 00:00:00,,,,36,36.15,35.7,,,,0,7,7
2003-07-17 00:00:00,,,,36,36.2,35.89,,,,,,
2003-07-18 00:00:00,,,,36.12,36.15,35.73,,,,,,
2003-07-21 00:00:00,,,,35.8,35.8,35.26,,,,,,
2003-07-22 00:00:00,,,,35.25,35.43,34.83,,,,,,
2003-07-23 00:00:00,,,,35.3,35.34,34.75,,,,,,
2003-07-24 00:00:00,,,,34.85,35.05,34.55,,,,,,
2003-07-25 00:00:00,,,,35.17,35.45,33.78,,,,0,8,6
2003-07-28 00:00:00,,,,34.88,34.88,34.41,,,,,,
2003-07-29 00:00:00,,,,34.55,34.87,34.07,,,,,,
2003-07-30 00:00:00,,,,34.44,34.72,34.26,,,,,,
2003-07-31 00:00:00,,,,33.75,33.76,32.24,,,,,,
2003-08-01 00:00:00,,,,32.5,33.14,32.15,,,,,,
2003-08-04 00:00:00,,,,32.95,33.05,32.5,,,,,,
2003-08-05 00:00:00,,,,33.01,33.1,32.5,,,,,,
2003-08-06 00:00:00,,,,32.55,32.55,31.9,,,,,,
2003-08-07 00:00:00,,,,32.2,32.86,32.2,,,,,,
2003-08-08 00:00:00,,,,32.98,33.01,32.46,,,,,,
2003-08-11 00:00:00,,,,33.15,33.26,32.73,,,,,,
2003-08-12 00:00:00,,,,33.16,33.53,33,,,,,,
2003-08-13 00:00:00,,,,33.5,33.52,32.87,,,,,,
2003-08-14 00:00:00,,,,33.51,33.8,33.12,,,,,,
2003-08-15 00:00:00,,,,33.5,33.75,33.25,,,,,,
2003-08-18 00:00:00,,,,33.85,34.1,33.6,,,,,,
2003-08-19 00:00:00,,,,33.85,34.12,33.63,,,,,,
2003-08-20 00:00:00,,,,33.95,33.98,33.2,,,,,,
2003-08-21 00:00:00,,,,33.44,34,33.2,,,,,,
2003-08-22 00:00:00,,,,33.93,34,33.6,,,,,,
2003-08-25 00:00:00,,,,33.88,33.88,33.47,,,,,,
2003-08-26 00:00:00,,,,33.56,33.63,33.13,,,,,,
2003-08-27 00:00:00,,,,33.28,33.37,32.76,,,,,,
2003-08-28 00:00:00,,,,32.84,32.93,32.2,,,,,,
2003-08-29 00:00:00,,,,32.65,32.81,32.5,,,,,,
2003-09-02 00:00:00,,,,32.73,33.63,32.73,,,,,,
2003-09-03 00:00:00,,,,33.85,34.74,33.73,,,,,,
2003-09-04 00:00:00,,,,34.55,35.16,34.55,,,,,,
2003-09-05 00:00:00,,,,34.6,34.75,34.3,,,,,,
2003-09-08 00:00:00,,,,34.43,34.98,34.35,,,,,,
2003-09-09 00:00:00,,,,34.75,34.86,34.07,,,,,,
2003-09-10 00:00:00,,,,34.02,34.57,34.02,,,,,,
2003-09-11 00:00:00,,,,34.47,34.57,34.26,,,,,,
2003-09-12 00:00:00,,,,34.4,34.5,34.12,,,,,,
2003-09-15 00:00:00,,,,34.5,34.65,34.01,,,,,,
2003-09-16 00:00:00,,,,34.48,35.12,34.48,,,,,,
2003-09-17 00:00:00,,,,35.06,35.58,35.02,,,,,,
2003-09-18 00:00:00,,,,35.45,36.27,35.4,,,,,,
2003-09-19 00:00:00,,,,35.3,36.2,35.2,,,,,,
2003-09-22 00:00:00,,,,35.15,35.15,34.3,,,,,,
2003-09-23 00:00:00,,,,34.8,34.9,34.49,,,,0,8,6
2003-09-24 00:00:00,,,,34.6,34.65,33.34,,,,,,
2003-09-25 00:00:00,,,,33.84,33.84,33.43,,,,,,
2003-09-26 00:00:00,,,,33.53,33.68,33.1,,,,0,8,6
2003-09-29 00:00:00,,,,33.58,34.11,33.45,,,,,,
2003-09-30 00:00:00,,,,33.35,33.6,33.02,,,,,,
2003-10-01 00:00:00,,,,33.59,34.44,33.45,,,,,,
2003-10-02 00:00:00,,,,34.44,34.49,33.99,,,,,,
2003-10-03 00:00:00,,,,34.65,34.81,33.94,,,,,,
2003-10-06 00:00:00,,,,34,34.12,33.3,,,,,,
2003-10-07 00:00:00,,,,33.02,33.17,32.78,,,,,,
2003-10-08 00:00:00,,,,33,33.06,32.75,,,,,,
2003-10-09 00:00:00,,,,33.1,33.25,32.95,,,,,,
2003-10-10 00:00:00,,,,33.08,33.17,32.95,,,,,,
2003-10-13 00:00:00,,,,33.35,33.69,33.2,,,,,,
2003-10-14 00:00:00,,,,33.32,33.49,32.97,,,,0,9,6
2003-10-15 00:00:00,,,,33.72,33.94,33.48,,,,,,
2003-10-16 00:00:00,,,,33.62,34.09,33.55,,,,,,
2003-10-17 00:00:00,,,,34.1,34.22,33.5,,,,0,9,6
2003-10-20 00:00:00,,,,33.6,33.67,33.12,,,,0,9,6
2003-10-21 00:00:00,,,,33.4,33.8,33.25,,,,,,
2003-10-22 00:00:00,,,,33.2,33.25,32.4,,,,0,9,6
2003-10-23 00:00:00,,,,32.62,34.01,32.44,,,,,,
2003-10-24 00:00:00,,,,31.5,32.18,30.6,,,,0,7,8
2003-10-27 00:00:00,,,,32,32.2,31.35,,,,,,
2003-10-28 00:00:00,,,,31.3,31.3,30.57,,,,,,
2003-10-29 00:00:00,,,,30.78,30.81,29.72,,,,,,
2003-10-30 00:00:00,,,,30.11,30.28,29.96,,,,,,
2003-10-31 00:00:00,,,,30.27,30.61,30.2,,,,,,
2003-11-03 00:00:00,,,,30.4,30.5,29.96,,,,,,
2003-11-04 00:00:00,,,,29.9,29.94,28.9,,,,,,
2003-11-05 00:00:00,,,,30,30.15,29.18,,,,,,
2003-11-06 00:00:00,,,,29.2,29.23,28.65,,,,,,
2003-11-07 00:00:00,,,,29.2,29.25,28.52,,,,0,7,9
2003-11-10 00:00:00,,,,28.75,28.92,28.58,,,,,,
2003-11-11 00:00:00,,,,28.7,28.85,28.43,,,,,,
2003-11-12 00:00:00,,,,28.6,29.1,28.57,,,,,,
2003-11-13 00:00:00,,,,29,30.1,28.93,,,,,,
2003-11-14 00:00:00,,,,29.9,30.23,29.64,,,,,,
2003-11-17 00:00:00,,,,29.75,29.83,29.25,,,,,,
2003-11-18 00:00:00,,,,29.78,30,29.05,,,,,,
2003-11-19 00:00:00,,,,28.94,29.41,28.88,,,,,,
2003-11-20 00:00:00,,,,29.03,29.21,28.75,,,,,,
2003-11-21 00:00:00,,,,28.99,28.99,28.1,,,,,,
2003-11-24 00:00:00,,,,28.9,29,28.6,,,,,,
2003-11-25 00:00:00,,,,28.65,28.8,28.46,,,,,,
2003-11-26 00:00:00,,,,28.8,29.1,28.68,,,,,,
2003-11-28 00:00:00,,,,28.99,29.3,28.99,,,,,,
2003-12-01 00:00:00,,,,29.4,29.98,29.33,,,,,,
2003-12-02 00:00:00,,,,29.98,30.78,29.82,,,,,,
2003-12-03 00:00:00,,,,30.36,30.94,30.16,,,,,,
2003-12-04 00:00:00,,,,30.16,30.53,30.16,,,,,,
2003-12-05 00:00:00,,,,30.3,30.65,30.2,,,,,,
2003-12-08 00:00:00,,,,30.2,30.7,30.15,,,,,,
2003-12-09 00:00:00,,,,30.61,31.09,30.61,,,,,,
2003-12-10 00:00:00,,,,30.82,31.01,30.5,,,,0,7,9
2003-12-11 00:00:00,,,,30.55,31.09,30.51,,,,,,
2003-12-12 00:00:00,,,,30.62,30.99,30.32,,,,0,8,9
2003-12-15 00:00:00,,,,31.13,31.49,30.79,,,,,,
2003-12-16 00:00:00,,,,30.83,31.33,30.83,,,,,,
2003-12-17 00:00:00,,,,31.2,31.31,31.04,,,,,,
2003-12-18 00:00:00,,,,31.15,31.7,31.1,,,,,,
2003-12-19 00:00:00,,,,31.45,31.47,30.97,,,,,,
2003-12-22 00:00:00,,,,31.5,31.87,31.28,,,,,,
2003-12-23 00:00:00,,,,31.65,31.7,31.15,,,,,,
2003-12-24 00:00:00,,,,31.11,31.28,31.07,,,,,,
2003-12-26 00:00:00,,,,31.18,31.18,30.93,,,,,,
2003-12-29 00:00:00,,,,31.02,31.18,30.95,,,,,,
2003-12-30 00:00:00,,,,31.15,31.23,30.87,,,,,,
2003-12-31 00:00:00,,,,31.01,33.01,30.92,,,,,,
2004-01-02 00:00:00,,,,31.25,31.3,30.73,,,,0,7,10
2004-01-05 00:00:00,,,,31.1,31.16,30.1,,,,0,7,10
2004-01-06 00:00:00,,,,30.14,30.3,29.68,,,,1,7,10
2004-01-07 00:00:00,,,,30.03,30.37,29.94,,,,,,
2004-01-08 00:00:00,,,,30.34,30.36,29.82,,,,,,
2004-01-09 00:00:00,,,,29.95,30,29.41,,,,,,
2004-01-12 00:00:00,,,,29.63,29.7,29.36,,,,1,7,10
2004-01-13 00:00:00,,,,29.48,29.6,28.78,,,,1,7,10
2004-01-14 00:00:00,,,,28.95,29.85,28.95,,,,,,
2004-01-15 00:00:00,,,,30.02,30.31,29.86,,,,,,
2004-01-16 00:00:00,,,,30.44,30.44,29.85,,,,,,
2004-01-20 00:00:00,,,,30.2,30.3,29.99,,,,1,7,10
2004-01-21 00:00:00,,,,30.23,31,30.16,,,,1,7,10
2004-01-22 00:00:00,,,,31.15,32.04,30.93,,,,,,
2004-01-23 00:00:00,,,,30,30.26,29.17,,,,1,6,11
2004-01-26 00:00:00,,,,29.3,29.7,29.3,,,,,,
2004-01-27 00:00:00,,,,29.41,29.49,29,,,,,,
2004-01-28 00:00:00,,,,29,29.25,28.85,,,,,,
2004-01-29 00:00:00,,,,29,29.45,28.9,,,,,,
2004-01-30 00:00:00,,,,29.25,29.45,29.15,,,,,,
2004-02-02 00:00:00,,,,29.25,29.5,29.15,,,,,,
2004-02-03 00:00:00,,,,29.37,29.72,29.2,,,,1,6,11
2004-02-04 00:00:00,,,,29.45,29.53,29.08,,,,,,
2004-02-05 00:00:00,,,,29.24,29.3,28.91,,,,,,
2004-02-06 00:00:00,,,,29,29.43,28.85,,,,1,6,11
2004-02-09 00:00:00,,,,29.2,29.21,28.54,,,,,,
2004-02-10 00:00:00,,,,28.6,28.7,28.3,,,,1,6,11
2004-02-11 00:00:00,,,,28.46,28.62,28.31,,,,,,
2004-02-12 00:00:00,,,,28.5,28.75,28.27,,,,,,
2004-02-13 00:00:00,,,,28.7,28.88,28.3,,,,,,
2004-02-17 00:00:00,,,,28.7,28.92,28.53,,,,,,
2004-02-18 00:00:00,,,,28.75,29.09,28.65,,,,,,
2004-02-19 00:00:00,,,,28.96,28.99,28.42,,,,,,
2004-02-20 00:00:00,,,,28.56,28.59,28.01,,,,,,
2004-02-23 00:00:00,,,,28.25,28.26,27.5,,,,,,
2004-02-24 00:00:00,,,,27.7,28.1,27.7,,,,1,6,11
2004-02-25 00:00:00,,,,27.85,28.07,27.65,,,,,,
2004-02-26 00:00:00,,,,27.72,27.97,27.45,,,,,,
2004-02-27 00:00:00,,,,27.83,27.88,27.01,,,,,,
2004-03-01 00:00:00,,,,27.47,27.85,27.18,,,,,,
2004-03-02 00:00:00,,,,27.7,27.91,27.55,,,,,,
2004-03-03 00:00:00,,,,27.7,27.91,27.59,,,,,,
2004-03-04 00:00:00,,,,27.7,27.85,27.39,,,,,,
2004-03-05 00:00:00,,,,27.48,28.43,27.4,,,,1,6,11
2004-03-08 00:00:00,,,,28.43,28.67,28.18,,,,,,
2004-03-09 00:00:00,,,,28.26,28.26,27.76,,,,1,6,11
2004-03-10 00:00:00,,,,27.82,28.31,27.8,,,,,,
2004-03-11 00:00:00,,,,28,28.27,27.76,,,,,,
2004-03-12 00:00:00,,,,27.94,28.09,27.67,,,,,,
2004-03-15 00:00:00,,,,27.95,28.15,27.66,,,,,,
2004-03-16 00:00:00,,,,27.87,28.08,27.78,,,,,,
2004-03-17 00:00:00,,,,28.15,28.29,27.95,,,,,,
2004-03-18 00:00:00,,,,28.18,28.41,27.9,,,,1,5,11
2004-03-19 00:00:00,,,,28.17,28.3,27.73,,,,,,
2004-03-22 00:00:00,,,,27.77,27.95,27.51,,,,,,
2004-03-23 00:00:00,,,,27.85,27.85,27.54,,,,,,
2004-03-24 00:00:00,,,,27.6,27.78,27.39,,,,,,
2004-03-25 00:00:00,,,,27.59,28.38,27.52,,,,,,
2004-03-26 00:00:00,,,,29.85,30.72,29.4,,,,1,6,10
2004-03-29 00:00:00,,,,29.45,29.97,29.05,,,,1,7,10
2004-03-30 00:00:00,,,,29.84,29.85,29.49,,,,,,
2004-03-31 00:00:00,,,,29.62,30.19,29.57,,,,,,
2004-04-01 00:00:00,,,,30.02,30.14,29.67,,,,1,7,9
2004-04-02 00:00:00,,,,30,30.67,30,,,,,,
2004-04-05 00:00:00,,,,30.38,30.9,30.34,,,,,,
2004-04-06 00:00:00,,,,30.76,30.79,30.5,,,,,,
2004-04-07 00:00:00,,,,30.55,31.01,30.49,,,,,,
2004-04-08 00:00:00,,,,31.05,31.17,30.98,,,,,,
2004-04-12 00:00:00,,,,31.14,31.34,31.1,,,,,,
2004-04-13 00:00:00,,,,31.34,31.37,30.7,,,,,,
2004-04-14 00:00:00,,,,30.55,30.9,30.42,,,,,,
2004-04-15 00:00:00,,,,30.8,31.35,30.66,,,,,,
2004-04-16 00:00:00,,,,31.75,31.97,31.65,,,,,,
2004-04-19 00:00:00,,,,31.95,31.97,31.65,,,,1,7,9
2004-04-20 00:00:00,,,,31.92,31.97,30.94,,,,0,7,9
2004-04-21 00:00:00,,,,30.8,32.7,30.8,,,,,,
2004-04-22 00:00:00,,,,32.45,32.6,31.8,,,,0,7,9
2004-04-23 00:00:00,,,,31.78,32.15,31.59,,,,,,
2004-04-26 00:00:00,,,,31.92,32.2,31.32,,,,,,
2004-04-27 00:00:00,,,,31.12,31.37,30.75,,,,0,7,9
2004-04-28 00:00:00,,,,30.72,30.72,30.04,,,,0,7,9
2004-04-29 00:00:00,,,,30.1,30.48,29.5,,,,,,
2004-04-30 00:00:00,,,,32.5,32.99,31.94,,,,0,7,9
2004-05-03 00:00:00,,,,32.65,34.25,32.6,,,,0,7,9
2004-05-04 00:00:00,,,,33.55,34.3,33.46,,,,,,
2004-05-05 00:00:00,,,,33.4,33.99,33.4,,,,,,
2004-05-06 00:00:00,,,,33.05,33.95,33.03,,,,,,
2004-05-07 00:00:00,,,,33.38,33.4,32.79,,,,,,
2004-05-10 00:00:00,,,,32.9,32.9,32.25,,,,,,
2004-05-11 00:00:00,,,,32.4,32.79,32.22,,,,,,
2004-05-12 00:00:00,,,,32.6,32.86,32.2,,,,,,
2004-05-13 00:00:00,,,,32.75,33.54,32.55,,,,,,
2004-05-14 00:00:00,,,,33.35,34.3,33.21,,,,,,
2004-05-17 00:00:00,,,,33.5,33.85,33.34,,,,,,
2004-05-18 00:00:00,,,,33.76,34.2,33.6,,,,,,
2004-05-19 00:00:00,,,,33.68,34.33,33.37,,,,,,
2004-05-20 00:00:00,,,,33.7,33.77,32.91,,,,,,
2004-05-21 00:00:00,,,,33.6,33.68,33.21,,,,,,
2004-05-24 00:00:00,,,,33.86,34.14,33.44,,,,,,
2004-05-25 00:00:00,,,,33.45,34.96,33.45,,,,0,7,9
2004-05-26 00:00:00,,,,34.82,35.08,34.75,,,,,,
2004-05-27 00:00:00,,,,34.84,34.93,33.98,,,,,,
2004-05-28 00:00:00,,,,34.3,34.5,34,,,,,,
2004-06-01 00:00:00,,,,34.3,34.6,34.12,,,,0,7,9
2004-06-02 00:00:00,,,,34.43,34.49,34.05,,,,,,
2004-06-03 00:00:00,,,,34.1,34.34,33.83,,,,,,
2004-06-04 00:00:00,,,,33.88,34.39,33.88,,,,,,
2004-06-07 00:00:00,,,,33.93,34.9,33.82,,,,,,
2004-06-08 00:00:00,,,,34.58,34.76,34.15,,,,,,
2004-06-09 00:00:00,,,,34.72,35,34.72,,,,,,
2004-06-10 00:00:00,,,,34.88,34.97,34.8,,,,,,
2004-06-14 00:00:00,,,,34.75,34.85,34.67,,,,,,
2004-06-15 00:00:00,,,,34.88,35.2,34.75,,,,0,7,9
2004-06-16 00:00:00,,,,34.95,35.47,34.93,,,,,,
2004-06-17 00:00:00,,,,35.25,35.9,35.1,,,,,,
2004-06-18 00:00:00,,,,35.35,35.4,35.14,,,,0,7,9
2004-06-21 00:00:00,,,,35.17,35.35,34.99,,,,0,7,9
2004-06-22 00:00:00,,,,34.5,34.57,34.22,,,,0,6,10
2004-06-23 00:00:00,,,,34.38,34.57,34.12,,,,,,
2004-06-24 00:00:00,,,,34.45,34.49,34.08,,,,,,
2004-06-25 00:00:00,,,,34.16,34.21,33.71,,,,,,
2004-06-28 00:00:00,,,,33.92,33.92,33.43,,,,,,
2004-06-29 00:00:00,,,,33.55,34.44,33.55,,,,,,
2004-06-30 00:00:00,,,,34.25,34.34,33.88,,,,0,5,11
2004-07-01 00:00:00,,,,32.1,32.54,30.3,,,,0,5,11
2004-07-02 00:00:00,,,,30.98,31.43,30.31,,,,,,
2004-07-06 00:00:00,,,,30.35,30.57,30.23,,,,,,
2004-07-07 00:00:00,,,,30.4,30.78,30.33,,,,,,
2004-07-08 00:00:00,,,,30.54,30.68,30.11,,,,,,
2004-07-09 00:00:00,,,,30.11,30.13,29.5,,,,0,5,11
2004-07-12 00:00:00,,,,29.65,29.67,29.14,,,,0,5,10
2004-07-13 00:00:00,,,,29.58,29.85,29.38,,,,0,5,11
2004-07-14 00:00:00,,,,29.7,30.17,29.65,,,,,,
2004-07-15 00:00:00,,,,29.8,30.18,29.77,,,,,,
2004-07-16 00:00:00,,,,30.29,30.41,30.05,,,,,,
2004-07-19 00:00:00,,,,30.4,30.61,30.16,,,,0,5,10
2004-07-20 00:00:00,,,,30.52,32.04,30.45,,,,,,
2004-07-21 00:00:00,,,,32,32.19,31.76,,,,,,
2004-07-22 00:00:00,,,,31.8,32.34,31.8,,,,,,
2004-07-23 00:00:00,,,,32.24,32.56,31.99,,,,0,5,10
2004-07-26 00:00:00,,,,32.13,32.19,31.58,,,,0,5,10
2004-07-27 00:00:00,,,,31.73,31.85,31.33,,,,,,
2004-07-28 00:00:00,,,,31.39,31.53,31.15,,,,,,
2004-07-29 00:00:00,,,,31.55,31.94,31.3,,,,,,
2004-07-30 00:00:00,,,,31.89,32.18,31.85,,,,0,5,10
2004-08-02 00:00:00,,,,32.17,32.35,31.89,,,,,,
2004-08-03 00:00:00,,,,32.05,32.22,31.29,,,,,,
2004-08-04 00:00:00,,,,31.34,31.38,30.85,,,,,,
2004-08-05 00:00:00,,,,31.3,31.44,30.5,,,,,,
2004-08-06 00:00:00,,,,30.35,30.38,29.9,,,,0,5,10
2004-08-09 00:00:00,,,,30.3,30.3,29.94,,,,,,
2004-08-10 00:00:00,,,,30,30.1,29.78,,,,,,
2004-08-11 00:00:00,,,,29.93,30.48,29.93,,,,,,
2004-08-12 00:00:00,,,,30.46,30.48,29.96,,,,,,
2004-08-13 00:00:00,,,,29.45,29.5,28.75,,,,,,
2004-08-16 00:00:00,,,,29.45,30.03,29.35,,,,,,
2004-08-17 00:00:00,,,,30.05,30.3,29.95,,,,0,4,10
2004-08-18 00:00:00,,,,30.11,30.75,30.01,,,,,,
2004-08-19 00:00:00,,,,30.7,30.72,30.19,,,,,,
2004-08-20 00:00:00,,,,30.38,30.75,30.23,,,,,,
2004-08-23 00:00:00,,,,30.83,30.86,30.6,,,,,,
2004-08-24 00:00:00,,,,30.67,31.02,30.67,,,,,,
2004-08-25 00:00:00,,,,30.81,31.72,30.81,,,,,,
2004-08-26 00:00:00,,,,31.64,31.64,31.3,,,,,,
2004-08-27 00:00:00,,,,31.35,31.61,31.18,,,,,,
2004-08-30 00:00:00,,,,31.4,31.42,30.98,,,,,,
2004-08-31 00:00:00,,,,30.99,31.26,30.82,,,,,,
2004-09-01 00:00:00,,,,31,31.03,30.68,,,,,,
2004-09-02 00:00:00,,,,30.89,31.61,30.82,,,,,,
2004-09-03 00:00:00,,,,31.58,31.7,31.28,,,,,,
2004-09-07 00:00:00,,,,31.62,32.04,31.61,,,,,,
2004-09-08 00:00:00,,,,27.1,27.31,26.79,,,,0,4,10
2004-09-09 00:00:00,,,,27.02,27.45,27.02,,,,,,
2004-09-10 00:00:00,,,,27.38,27.38,27.1,,,,,,
2004-09-13 00:00:00,,,,27.25,27.68,27.11,,,,0,4,10
2004-09-14 00:00:00,,,,27.74,28.51,27.72,,,,,,
2004-09-15 00:00:00,,,,28.35,28.44,27.5,,,,,,
2004-09-16 00:00:00,,,,27.5,27.88,27.5,,,,,,
2004-09-17 00:00:00,,,,27.81,27.89,27.51,,,,,,
2004-09-20 00:00:00,,,,27.61,27.7,27.41,,,,,,
2004-09-21 00:00:00,,,,27.45,27.81,27.37,,,,,,
2004-09-22 00:00:00,,,,27.6,27.6,26.9,,,,,,
2004-09-23 00:00:00,,,,27.04,27.45,27.04,,,,,,
2004-09-24 00:00:00,,,,27.34,27.57,27.31,,,,,,
2004-09-27 00:00:00,,,,27.2,27.28,26.8,,,,,,
2004-09-28 00:00:00,,,,26.9,27,26.76,,,,,,
2004-09-29 00:00:00,,,,26.89,26.89,26.11,,,,,,
2004-09-30 00:00:00,,,,26.38,26.38,24.9,,,,,,
2004-10-01 00:00:00,,,,26,26.69,25.76,,,,,,
2004-10-04 00:00:00,,,,25.88,26.12,25.25,,,,0,3,11
2004-10-05 00:00:00,,,,25.55,25.88,25.42,,,,0,3,10
2004-10-06 00:00:00,,,,25.46,25.6,25.29,,,,,,
2004-10-07 00:00:00,,,,25.58,25.58,24.63,,,,,,
2004-10-08 00:00:00,,,,24.67,24.88,24.25,,,,,,
2004-10-11 00:00:00,,,,24.6,24.82,24.43,,,,,,
2004-10-12 00:00:00,,,,24.7,24.95,24.45,,,,,,
2004-10-13 00:00:00,,,,25,25.05,24.66,,,,,,
2004-10-14 00:00:00,,,,24.7,24.84,24.34,,,,0,3,10
2004-10-15 00:00:00,,,,24.59,24.59,24.18,,,,,,
2004-10-18 00:00:00,,,,24.45,24.75,24.2,,,,,,
2004-10-19 00:00:00,,,,24.5,24.66,24.01,,,,0,3,10
2004-10-20 00:00:00,,,,24.02,24.11,23.52,,,,,,
2004-10-21 00:00:00,,,,23.66,23.66,22.61,,,,0,3,10
2004-10-22 00:00:00,,,,25,26.05,24.75,,,,0,5,10
2004-10-25 00:00:00,,,,24.98,25.1,24.58,,,,0,5,9
2004-10-26 00:00:00,,,,24.75,25.45,24.66,,,,,,
2004-10-27 00:00:00,,,,25.75,27.5,25.75,,,,0,5,9
2004-10-28 00:00:00,,,,26.91,27.07,26.5,,,,,,
2004-10-29 00:00:00,,,,26.85,26.95,26.43,,,,,,
2004-11-01 00:00:00,,,,26.75,26.98,26.62,,,,,,
2004-11-02 00:00:00,,,,27,27.43,26.9,,,,0,5,9
2004-11-03 00:00:00,,,,27.4,27.95,27.32,,,,0,5,9
2004-11-04 00:00:00,,,,27.54,27.78,27.03,,,,,,
2004-11-05 00:00:00,,,,28.03,28.19,27.76,,,,,,
2004-11-08 00:00:00,,,,28.24,28.67,28.16,,,,0,6,8
2004-11-09 00:00:00,,,,28.4,29.1,28.38,,,,,,
2004-11-10 00:00:00,,,,29.2,29.6,29.01,,,,,,
2004-11-11 00:00:00,,,,29.75,29.96,29.43,,,,,,
2004-11-12 00:00:00,,,,29.59,29.6,28.92,,,,,,
2004-11-15 00:00:00,,,,29.65,29.85,29.23,,,,,,
2004-11-16 00:00:00,,,,29.61,29.65,29.33,,,,,,
2004-11-17 00:00:00,,,,29.37,29.71,29,,,,,,
2004-11-18 00:00:00,,,,29.24,29.35,28.85,,,,,,
2004-11-19 00:00:00,,,,28.86,28.92,28.4,,,,,,
2004-11-22 00:00:00,,,,28.44,28.87,28.3,,,,,,
2004-11-23 00:00:00,,,,28.87,29.39,28.8,,,,,,
2004-11-24 00:00:00,,,,29.15,29.24,28.9,,,,,,
2004-11-26 00:00:00,,,,29.09,29.35,29.09,,,,,,
2004-11-29 00:00:00,,,,29.11,29.46,29.11,,,,,,
2004-11-30 00:00:00,,,,29,29.59,29,,,,,,
2004-12-01 00:00:00,,,,29.65,30.03,29.62,,,,,,
2004-12-02 00:00:00,,,,29.88,30.53,29.74,,,,,,
2004-12-03 00:00:00,,,,30.4,30.65,30.14,,,,,,
2004-12-06 00:00:00,,,,30.16,31.44,30.16,,,,,,
2004-12-07 00:00:00,,,,31.15,31.2,30.99,,,,,,
2004-12-08 00:00:00,,,,31.3,31.94,31.3,,,,0,6,8
2004-12-09 00:00:00,,,,31.89,31.95,31.46,,,,0,6,9
2004-12-10 00:00:00,,,,31.65,32.02,31.65,,,,0,6,9
2004-12-13 00:00:00,,,,31.96,32.47,31.6,,,,,,
2004-12-14 00:00:00,,,,32.3,32.52,32.21,,,,,,
2004-12-15 00:00:00,,,,32.47,32.58,32.13,,,,,,
2004-12-16 00:00:00,,,,32.51,32.67,32.26,,,,,,
2004-12-17 00:00:00,,,,31.9,32.01,31.21,,,,,,
2004-12-20 00:00:00,,,,31.95,32.29,31.87,,,,,,
2004-12-21 00:00:00,,,,32.25,32.72,32.2,,,,,,
2004-12-22 00:00:00,,,,30.95,31.2,30.6,,,,0,7,9
2004-12-23 00:00:00,,,,30.6,30.92,30.2,,,,0,6,10
2004-12-27 00:00:00,,,,30.7,31.14,30.32,,,,,,
2004-12-28 00:00:00,,,,30.85,31.27,30.7,,,,,,
2004-12-29 00:00:00,,,,31.25,31.44,31.02,,,,1,6,9
2004-12-30 00:00:00,,,,31.32,31.72,31.31,,,,,,
2004-12-31 00:00:00,,,,31.6,31.67,31.29,,,,,,
2005-01-03 00:00:00,,,,31.41,31.48,31,,,,,,
2005-01-04 00:00:00,,,,31.07,31.25,30.33,,,,,,
2005-01-05 00:00:00,,,,30.57,30.89,30.53,,,,,,
2005-01-06 00:00:00,,,,30.57,31.39,30.57,,,,,,
2005-01-07 00:00:00,,,,31.07,31.08,30.59,,,,,,
2005-01-10 00:00:00,,,,30.66,31.3,30.51,,,,,,
2005-01-11 00:00:00,,,,31.2,31.45,31.01,,,,,,
2005-01-12 00:00:00,,,,31.1,31.35,30.84,,,,1,6,9
2005-01-13 00:00:00,,,,31.98,32.24,31.53,,,,1,6,10
2005-01-14 00:00:00,,,,31.54,31.65,30.91,,,,1,5,10
2005-01-18 00:00:00,,,,31,31.37,30.85,,,,,,
2005-01-19 00:00:00,,,,31.09,31.2,30.29,,,,,,
2005-01-20 00:00:00,,,,30.36,31.32,30.36,,,,,,
2005-01-21 00:00:00,,,,30.94,31.13,30.78,,,,,,
2005-01-24 00:00:00,,,,30.81,31.16,30.81,,,,,,
2005-01-25 00:00:00,,,,30.95,31.15,30.17,,,,,,
2005-01-26 00:00:00,,,,30.45,30.73,30.28,,,,1,5,10
2005-01-27 00:00:00,,,,30.18,30.7,30.18,,,,1,5,10
2005-01-28 00:00:00,,,,32.4,34,32.4,,,,1,5,10
2005-01-31 00:00:00,,,,33.54,34.7,33.35,,,,1,5,10
2005-02-01 00:00:00,,,,34.49,35.73,34.49,,,,1,6,9
2005-02-02 00:00:00,,,,35.62,36,35.45,,,,,,
2005-02-03 00:00:00,,,,35.92,36.65,35.8,,,,1,7,8
2005-02-04 00:00:00,,,,35.75,36.73,35.5,,,,,,
2005-02-07 00:00:00,,,,35.8,36.54,35.8,,,,,,
2005-02-08 00:00:00,,,,36.25,36.91,36.17,,,,1,7,8
2005-02-09 00:00:00,,,,36.76,36.96,36.19,,,,,,
2005-02-10 00:00:00,,,,36.24,36.4,35.9,,,,,,
2005-02-11 00:00:00,,,,36,36.5,35.85,,,,,,
2005-02-14 00:00:00,,,,36.2,36.58,36.15,,,,,,
2005-02-15 00:00:00,,,,36.29,36.43,35.86,,,,,,
2005-02-16 00:00:00,,,,35.9,36.73,35.84,,,,,,
2005-02-17 00:00:00,,,,36.43,36.91,36.43,,,,1,7,8
2005-02-18 00:00:00,,,,36.71,36.97,36.65,,,,,,
2005-02-22 00:00:00,,,,36.5,37.16,36.41,,,,,,
2005-02-23 00:00:00,,,,36.4,36.97,36.38,,,,,,
2005-02-24 00:00:00,,,,36.95,37.36,36.84,,,,,,
2005-02-25 00:00:00,,,,37.3,37.83,37.2,,,,,,
2005-02-28 00:00:00,,,,37.58,37.65,37.08,,,,,,
2005-03-01 00:00:00,,,,37.3,38.06,37.2,,,,,,
2005-03-02 00:00:00,,,,37.9,37.94,37.16,,,,,,
2005-03-03 00:00:00,,,,37.21,37.5,36.72,,,,,,
2005-03-04 00:00:00,,,,37.43,38.28,37.35,,,,,,
2005-03-07 00:00:00,,,,38.1,38.55,37.95,,,,,,
2005-03-08 00:00:00,,,,38.25,38.42,37.71,,,,,,
2005-03-09 00:00:00,,,,38.25,38.44,37.95,,,,,,
2005-03-10 00:00:00,,,,38,38.27,37.76,,,,,,
2005-03-11 00:00:00,,,,37.75,38.06,37.6,,,,,,
2005-03-14 00:00:00,,,,37.65,38.05,37.5,,,,,,
2005-03-15 00:00:00,,,,37.93,37.93,36.96,,,,,,
2005-03-16 00:00:00,,,,36.9,37.05,36.45,,,,,,
2005-03-17 00:00:00,,,,36.99,37.31,36.66,,,,,,
2005-03-18 00:00:00,,,,37.24,37.31,36.8,,,,,,
2005-03-21 00:00:00,,,,37.34,37.42,36.98,,,,,,
2005-03-22 00:00:00,,,,37.05,37.84,37.04,,,,,,
2005-03-23 00:00:00,,,,37.46,38.39,37.35,,,,,,
2005-03-24 00:00:00,,,,38.04,38.38,37.93,,,,,,
2005-03-28 00:00:00,,,,35.55,36.9,35.35,,,,0,8,8
2005-03-29 00:00:00,,,,36.22,36.81,36.2,,,,,,
2005-03-30 00:00:00,,,,36.43,37.85,36.39,,,,0,9,8
2005-03-31 00:00:00,,,,37.72,37.99,37.63,,,,,,
2005-04-01 00:00:00,,,,37.76,37.91,37.3,,,,,,
2005-04-04 00:00:00,,,,37.98,39.41,37.96,,,,0,8,9
2005-04-05 00:00:00,,,,38.65,39.1,38.61,,,,,,
2005-04-06 00:00:00,,,,38.79,39.03,38.65,,,,,,
2005-04-07 00:00:00,,,,38.95,39,38.62,,,,,,
2005-04-08 00:00:00,,,,38.9,38.9,37.8,,,,,,
2005-04-11 00:00:00,,,,38.12,38.58,38.1,,,,,,
2005-04-12 00:00:00,,,,38.26,38.93,38.09,,,,,,
2005-04-13 00:00:00,,,,38.61,38.75,37.87,,,,0,8,9
2005-04-14 00:00:00,,,,37.9,38.16,37.36,,,,0,8,9
2005-04-15 00:00:00,,,,37.71,38.01,37.1,,,,,,
2005-04-18 00:00:00,,,,37.25,37.25,35.51,,,,,,
2005-04-19 00:00:00,,,,35.93,36.25,35.75,,,,,,
2005-04-20 00:00:00,,,,36.05,36.31,35.12,,,,,,
2005-04-21 00:00:00,,,,35.53,36,35.52,,,,,,
2005-04-22 00:00:00,,,,35.7,35.73,34.94,,,,,,
2005-04-25 00:00:00,,,,35.17,35.72,35.02,,,,,,
2005-04-26 00:00:00,,,,35.52,36.14,35.47,,,,,,
2005-04-27 00:00:00,,,,36.05,36.35,35.86,,,,,,
2005-04-28 00:00:00,,,,36.3,36.47,35.97,,,,,,
2005-04-29 00:00:00,,,,36.25,37,35.99,,,,,,
2005-05-02 00:00:00,,,,36.93,37.12,36.53,,,,,,
2005-05-03 00:00:00,,,,36.85,36.97,36.24,,,,,,
2005-05-04 00:00:00,,,,37.13,37.13,36.33,,,,,,
2005-05-05 00:00:00,,,,36.85,37.8,36.53,,,,,,
2005-05-06 00:00:00,,,,38.48,38.9,37.75,,,,0,9,8
2005-05-09 00:00:00,,,,38.1,38.5,37.74,,,,0,9,8
2005-05-10 00:00:00,,,,38.15,38.5,38.01,,,,,,
2005-05-11 00:00:00,,,,38.4,38.63,37.87,,,,,,
2005-05-12 00:00:00,,,,38.45,39.3,37.84,,,,,,
2005-05-13 00:00:00,,,,37.99,37.99,37.3,,,,,,
2005-05-16 00:00:00,,,,37.55,38.26,37.3,,,,0,9,7
2005-05-17 00:00:00,,,,37.96,38.84,37.85,,,,,,
2005-05-18 00:00:00,,,,38.93,39.49,38.92,,,,,,
2005-05-19 00:00:00,,,,39.27,39.45,39,,,,0,9,6
2005-05-20 00:00:00,,,,39.2,39.37,38.92,,,,,,
2005-05-23 00:00:00,,,,38.93,39.48,38.58,,,,0,9,6
2005-05-24 00:00:00,,,,39.35,39.48,38.86,,,,0,9,6
2005-05-25 00:00:00,,,,39.3,39.49,38.96,,,,,,
2005-05-26 00:00:00,,,,39.45,40.07,39.24,,,,,,
2005-05-27 00:00:00,,,,39.85,40.32,39.7,,,,,,
2005-05-31 00:00:00,,,,40.12,40.39,39.9,,,,,,
2005-06-01 00:00:00,,,,40.15,40.57,39.9,,,,,,
2005-06-02 00:00:00,,,,40.04,40.35,39.94,,,,0,9,6
2005-06-03 00:00:00,,,,40.1,40.49,39.95,,,,,,
2005-06-06 00:00:00,,,,40.2,40.82,40.07,,,,,,
2005-06-07 00:00:00,,,,40.65,41.66,40.6,,,,0,9,6
2005-06-08 00:00:00,,,,40.98,41.09,40.36,,,,,,
2005-06-09 00:00:00,,,,40.45,40.73,40.15,,,,0,9,5
2005-06-10 00:00:00,,,,40.17,40.38,39.94,,,,0,9,5
2005-06-13 00:00:00,,,,40.31,42.8,40.31,,,,,,
2005-06-14 00:00:00,,,,42.5,43.5,42.5,,,,0,9,5
2005-06-15 00:00:00,,,,43,43,42.4,,,,,,
2005-06-16 00:00:00,,,,42.4,43.03,42.29,,,,,,
2005-06-17 00:00:00,,,,43.15,43.18,42.68,,,,,,
2005-06-20 00:00:00,,,,42.6,43.57,42.6,,,,0,9,5
2005-06-21 00:00:00,,,,43.44,43.84,43.15,,,,0,10,5
2005-06-22 00:00:00,,,,43.95,43.98,43.38,,,,,,
2005-06-23 00:00:00,,,,43.69,44.2,43.42,,,,0,10,5
2005-06-24 00:00:00,,,,43.27,43.58,42.85,,,,0,10,5
2005-06-27 00:00:00,,,,43,43,41.35,,,,,,
2005-06-28 00:00:00,,,,42.64,43.27,42.61,,,,,,
2005-06-29 00:00:00,,,,43.42,44.84,43.24,,,,,,
2005-06-30 00:00:00,,,,44.25,44.94,44.05,,,,0,10,5
2005-07-01 00:00:00,,,,44.95,44.99,44.7,,,,,,
2005-07-05 00:00:00,,,,44.9,45.09,44.82,,,,0,10,5
2005-07-06 00:00:00,,,,44.86,45.05,44.23,,,,,,
2005-07-07 00:00:00,,,,43.9,44.32,43.7,,,,0,11,5
2005-07-08 00:00:00,,,,44.02,44.74,44,,,,,,
2005-07-11 00:00:00,,,,45,45.36,44.84,,,,0,11,5
2005-07-12 00:00:00,,,,45.1,45.19,44.67,,,,0,11,5
2005-07-13 00:00:00,,,,44.68,45.23,44.53,,,,,,
2005-07-14 00:00:00,,,,45.65,45.83,45.15,,,,,,
2005-07-15 00:00:00,,,,45.34,45.38,44.81,,,,,,
2005-07-18 00:00:00,,,,45.24,45.99,45.24,,,,,,
2005-07-19 00:00:00,,,,45.71,45.81,45.34,,,,,,
2005-07-20 00:00:00,,,,45.55,46.11,45.55,,,,,,
2005-07-21 00:00:00,,,,46,46,45.04,,,,,,
2005-07-22 00:00:00,,,,45.22,45.3,44.4,,,,,,
2005-07-25 00:00:00,,,,44.44,44.73,43.95,,,,,,
2005-07-26 00:00:00,,,,44.36,45,44.17,,,,,,
2005-07-27 00:00:00,,,,44.82,45.31,44.72,,,,,,
2005-07-28 00:00:00,,,,45.5,46.3,45.25,,,,0,11,5
2005-07-29 00:00:00,,,,45.35,45.49,44.85,,,,0,11,5
2005-08-01 00:00:00,,,,45.05,45.35,44.97,,,,0,11,5
2005-08-02 00:00:00,,,,45.1,46.5,45.04,,,,,,
2005-08-03 00:00:00,,,,45.9,46.49,45.75,,,,,,
2005-08-04 00:00:00,,,,46.35,46.78,46.3,,,,,,
2005-08-05 00:00:00,,,,46.45,46.76,46.4,,,,,,
2005-08-08 00:00:00,,,,46.55,46.77,46.45,,,,,,
2005-08-09 00:00:00,,,,46.66,47.07,46.63,,,,,,
2005-08-10 00:00:00,,,,47.02,47.88,46.9,,,,,,
2005-08-11 00:00:00,,,,47.35,47.62,47.3,,,,,,
2005-08-12 00:00:00,,,,47.28,47.35,46.67,,,,0,11,5
2005-08-15 00:00:00,,,,46.86,46.99,46.62,,,,,,
2005-08-16 00:00:00,,,,46.67,46.82,46.53,,,,,,
2005-08-17 00:00:00,,,,46.7,46.95,46.64,,,,,,
2005-08-18 00:00:00,,,,46.63,46.71,46.26,,,,,,
2005-08-19 00:00:00,,,,46.32,46.53,45.99,,,,,,
2005-08-22 00:00:00,,,,46,46.24,45.87,,,,,,
2005-08-23 00:00:00,,,,46.25,46.25,45.88,,,,0,10,6
2005-08-24 00:00:00,,,,45.79,45.83,45.35,,,,,,
2005-08-25 00:00:00,,,,45.53,45.6,45.3,,,,,,
2005-08-26 00:00:00,,,,45.4,45.79,45.22,,,,,,
2005-08-29 00:00:00,,,,45.42,45.67,45.16,,,,0,10,6
2005-08-30 00:00:00,,,,45.45,45.88,45.43,,,,0,10,6
2005-08-31 00:00:00,,,,45.73,46.73,45.53,,,,,,
2005-09-01 00:00:00,,,,46.5,46.62,46.2,,,,0,10,6
2005-09-02 00:00:00,,,,46.42,46.52,46.16,,,,,,
2005-09-06 00:00:00,,,,46.4,46.48,46.17,,,,0,10,6
2005-09-07 00:00:00,,,,46.16,46.29,45.73,,,,,,
2005-09-08 00:00:00,,,,46,46.24,45.82,,,,,,
2005-09-09 00:00:00,,,,45,45.4,44.79,,,,0,9,7
2005-09-12 00:00:00,,,,45.03,45.21,44.87,,,,0,9,7
2005-09-13 00:00:00,,,,45.17,45.81,45.11,,,,0,9,7
2005-09-14 00:00:00,,,,45.5,46.01,45.48,,,,0,9,7
2005-09-15 00:00:00,,,,45.6,46.3,45.6,,,,,,
2005-09-16 00:00:00,,,,46.2,46.53,46.02,,,,,,
2005-09-19 00:00:00,,,,46.47,46.48,45.64,,,,0,9,7
2005-09-20 00:00:00,,,,46.16,46.49,45.69,,,,0,9,7
2005-09-21 00:00:00,,,,45.94,46.25,45.55,,,,,,
2005-09-22 00:00:00,,,,45.61,45.85,45.37,,,,,,
2005-09-23 00:00:00,,,,45.86,46.05,45.59,,,,,,
2005-09-26 00:00:00,,,,46,46.01,45.73,,,,,,
2005-09-27 00:00:00,,,,45.93,46.09,45.62,,,,,,
2005-09-28 00:00:00,,,,46.35,47.37,46.27,,,,,,
2005-09-29 00:00:00,,,,47.18,47.51,46.68,,,,,,
2005-09-30 00:00:00,,,,47.35,47.84,47.35,,,,,,
2005-10-03 00:00:00,,,,47.5,47.82,47.41,,,,0,9,7
2005-10-04 00:00:00,,,,47.72,47.9,47.41,,,,,,
2005-10-05 00:00:00,,,,47.39,47.6,46.35,,,,,,
2005-10-06 00:00:00,,,,46.39,46.73,46.35,,,,,,
2005-10-07 00:00:00,,,,46.4,46.48,45.11,,,,,,
2005-10-10 00:00:00,,,,45.78,45.78,44.76,,,,,,
2005-10-11 00:00:00,,,,44.96,45.05,44,,,,,,
2005-10-12 00:00:00,,,,44.15,44.34,43.49,,,,,,
2005-10-13 00:00:00,,,,43.74,43.99,43.37,,,,,,
2005-10-14 00:00:00,,,,43.73,44.26,43.43,,,,,,
2005-10-17 00:00:00,,,,44.1,44.31,43.95,,,,,,
2005-10-18 00:00:00,,,,44.05,44.2,43.78,,,,,,
2005-10-19 00:00:00,,,,43.7,44.54,43.46,,,,,,
2005-10-20 00:00:00,,,,44.48,44.81,43.65,,,,,,
2005-10-21 00:00:00,,,,44.11,44.27,43.85,,,,,,
2005-10-24 00:00:00,,,,44.01,44.54,44.01,,,,,,
2005-10-25 00:00:00,,,,44.52,44.8,43.86,,,,,,
2005-10-26 00:00:00,,,,43.98,44.46,43.76,,,,,,
2005-10-27 00:00:00,,,,44.04,44.59,43.6,,,,,,
2005-10-28 00:00:00,,,,44,45.19,43.86,,,,,,
2005-10-31 00:00:00,,,,45.56,45.94,45.12,,,,,,
2005-11-01 00:00:00,,,,45.33,45.6,45.07,,,,0,9,7
2005-11-02 00:00:00,,,,45.32,45.86,45.32,,,,,,
2005-11-03 00:00:00,,,,46,46.06,45.53,,,,,,
2005-11-04 00:00:00,,,,45.74,45.81,44.86,,,,,,
2005-11-07 00:00:00,,,,45.67,45.97,45.57,,,,0,8,7
2005-11-08 00:00:00,,,,45.76,45.9,45.42,,,,0,8,7
2005-11-09 00:00:00,,,,46.1,46.1,45.18,,,,0,8,7
2005-11-10 00:00:00,,,,45.45,45.45,44.96,,,,,,
2005-11-11 00:00:00,,,,45.13,45.9,45.13,,,,0,8,8
2005-11-14 00:00:00,,,,45.75,46.86,45.61,,,,,,
2005-11-15 00:00:00,,,,46.6,47.16,46.4,,,,,,
2005-11-16 00:00:00,,,,47.02,47.43,47.02,,,,,,
2005-11-17 00:00:00,,,,47.29,48.15,47.29,,,,,,
2005-11-18 00:00:00,,,,48.38,48.49,48.17,,,,,,
2005-11-21 00:00:00,,,,48.48,48.95,48.29,,,,,,
2005-11-22 00:00:00,,,,48.95,49.13,48.55,,,,,,
2005-11-23 00:00:00,,,,48.85,49.58,48.7,,,,,,
2005-11-25 00:00:00,,,,49.73,50.2,49.67,,,,,,
2005-11-28 00:00:00,,,,50,50,49.36,,,,0,8,8
2005-11-29 00:00:00,,,,49.53,50.6,49.47,,,,,,
2005-11-30 00:00:00,,,,50.5,50.63,50.2,,,,,,
2005-12-01 00:00:00,,,,49.9,50.7,49.5,,,,,,
2005-12-02 00:00:00,,,,50.27,50.55,50.22,,,,,,
2005-12-05 00:00:00,,,,50.2,50.45,50,,,,,,
2005-12-06 00:00:00,,,,50.55,51.75,50.52,,,,0,8,8
2005-12-07 00:00:00,,,,51.16,51.49,51.04,,,,,,
2005-12-08 00:00:00,,,,51.2,52.24,51.2,,,,,,
2005-12-09 00:00:00,,,,52.04,52.23,51.92,,,,,,
2005-12-12 00:00:00,,,,52.15,52.64,51.85,,,,,,
2005-12-13 00:00:00,,,,52.28,52.68,52.19,,,,0,8,8
2005-12-14 00:00:00,,,,52.6,52.64,52.02,,,,,,
2005-12-15 00:00:00,,,,52.5,52.56,52,,,,,,
2005-12-16 00:00:00,,,,52.3,52.64,52.05,,,,,,
2005-12-19 00:00:00,,,,52.21,52.21,51.2,,,,,,
2005-12-20 00:00:00,,,,51,51.63,50.85,,,,,,
2005-12-21 00:00:00,,,,51.5,51.79,50.82,,,,0,8,8
2005-12-22 00:00:00,,,,51.48,52.51,51.37,,,,,,
2005-12-23 00:00:00,,,,52.46,52.73,52.03,,,,,,
2005-12-27 00:00:00,,,,52.1,52.44,51.78,,,,,,
2005-12-28 00:00:00,,,,51.96,52.57,51.96,,,,,,
2005-12-29 00:00:00,,,,52.47,52.89,52.28,,,,,,
2005-12-30 00:00:00,,,,52.22,52.22,51.53,,,,,,
2006-01-03 00:00:00,,,,51.59,53.36,51.59,,,,,,
2006-01-04 00:00:00,,,,53,53.91,52.83,,,,0,8,9
2006-01-05 00:00:00,,,,53.7,54.06,53.4,,,,,,
2006-01-06 00:00:00,,,,53.6,53.7,53.09,,,,,,
2006-01-09 00:00:00,,,,51.9,52.65,51.61,,,,0,7,10
2006-01-10 00:00:00,,,,51.4,51.96,51.07,,,,,,
2006-01-11 00:00:00,,,,51.97,51.97,51.04,,,,,,
2006-01-12 00:00:00,,,,51.24,51.7,50.86,,,,,,
2006-01-13 00:00:00,,,,51.36,51.69,51.14,,,,,,
2006-01-17 00:00:00,,,,51.09,51.9,51.05,,,,,,
2006-01-18 00:00:00,,,,51.81,52.96,51.75,,,,,,
2006-01-19 00:00:00,,,,52.4,53,52.09,,,,,,
2006-01-20 00:00:00,,,,52.68,52.68,50.97,,,,0,7,10
2006-01-23 00:00:00,,,,50.85,51.31,49.87,,,,,,
2006-01-24 00:00:00,,,,50,50.26,49.8,,,,,,
2006-01-25 00:00:00,,,,50.3,51.21,50.29,,,,,,
2006-01-26 00:00:00,,,,51.98,52.68,51.85,,,,0,7,10
2006-01-27 00:00:00,,,,53.85,54.33,53.4,,,,0,8,9
2006-01-30 00:00:00,,,,53.8,53.81,52.55,,,,,,
2006-01-31 00:00:00,,,,52.9,53.35,52.79,,,,0,8,9
2006-02-01 00:00:00,,,,52.9,53.93,52.76,,,,,,
2006-02-02 00:00:00,,,,53.61,53.85,53.19,,,,,,
2006-02-03 00:00:00,,,,52.8,53.97,52.8,,,,,,
2006-02-06 00:00:00,,,,53.58,53.58,52.52,,,,,,
2006-02-07 00:00:00,,,,52.3,53.02,52.3,,,,,,
2006-02-08 00:00:00,,,,53.29,53.61,53.12,,,,,,
2006-02-09 00:00:00,,,,53.74,53.86,53.32,,,,,,
2006-02-10 00:00:00,,,,53.24,53.43,53.06,,,,0,8,8
2006-02-13 00:00:00,,,,53.35,53.69,53.15,,,,0,8,8
2006-02-14 00:00:00,,,,53.5,54.41,53.45,,,,,,
2006-02-15 00:00:00,,,,54.21,54.49,53.98,,,,0,8,8
2006-02-16 00:00:00,,,,54.34,54.67,54.3,,,,,,
2006-02-17 00:00:00,,,,54.55,54.85,54.19,,,,,,
2006-02-21 00:00:00,,,,54.7,54.71,53.55,,,,,,
2006-02-22 00:00:00,,,,53.6,53.91,53.55,,,,,,
2006-02-23 00:00:00,,,,53.78,54.15,53.43,,,,,,
2006-02-24 00:00:00,,,,53.96,53.97,53.46,,,,,,
2006-02-27 00:00:00,,,,53.54,54.17,53.54,,,,,,
2006-02-28 00:00:00,,,,54.1,54.15,53.5,,,,0,8,8
2006-03-01 00:00:00,,,,54.13,54.92,54.13,,,,0,8,8
2006-03-02 00:00:00,,,,54.4,54.74,54.35,,,,,,
2006-03-03 00:00:00,,,,54.22,54.65,53.74,,,,,,
2006-03-06 00:00:00,,,,53.74,53.91,53.24,,,,,,
2006-03-07 00:00:00,,,,53.38,53.8,53.37,,,,,,
2006-03-08 00:00:00,,,,53.38,53.87,53.22,,,,,,
2006-03-09 00:00:00,,,,53.65,53.8,52.99,,,,,,
2006-03-10 00:00:00,,,,53.17,54,53.05,,,,,,
2006-03-13 00:00:00,,,,53.78,53.88,52.92,,,,,,
2006-03-14 00:00:00,,,,52.79,53.5,52.76,,,,,,
2006-03-15 00:00:00,,,,53.2,53.94,53.15,,,,,,
2006-03-16 00:00:00,,,,53.85,54.09,53.52,,,,,,
2006-03-17 00:00:00,,,,53.98,54,53.47,,,,,,
2006-03-20 00:00:00,,,,53.77,54.54,53.77,,,,,,
2006-03-21 00:00:00,,,,54.35,54.61,53.87,,,,,,
2006-03-22 00:00:00,,,,54.1,54.17,53.57,,,,,,
2006-03-23 00:00:00,,,,53.65,53.65,52.56,,,,,,
2006-03-24 00:00:00,,,,52.65,53.1,52.58,,,,,,
2006-03-27 00:00:00,,,,52.5,52.59,51.73,,,,,,
2006-03-28 00:00:00,,,,51.9,52.19,51.37,,,,,,
2006-03-29 00:00:00,,,,51.9,52.55,51.89,,,,0,8,8
2006-03-30 00:00:00,,,,52.25,52.91,52.19,,,,,,
2006-03-31 00:00:00,,,,52.12,52.44,51.89,,,,,,
2006-04-03 00:00:00,,,,52.17,52.95,52.17,,,,,,
2006-04-04 00:00:00,,,,52.8,52.81,52.17,,,,,,
2006-04-05 00:00:00,,,,52.75,52.86,52.33,,,,,,
2006-04-06 00:00:00,,,,52.45,52.46,51.33,,,,,,
2006-04-07 00:00:00,,,,52,52.28,51.22,,,,0,8,8
2006-04-10 00:00:00,,,,51.22,52.25,50.82,,,,,,
2006-04-11 00:00:00,,,,52.3,52.42,51.01,,,,,,
2006-04-12 00:00:00,,,,51.24,51.83,51.24,,,,,,
2006-04-13 00:00:00,,,,51.62,51.71,50.96,,,,,,
2006-04-17 00:00:00,,,,51.45,51.66,51.1,,,,,,
2006-04-18 00:00:00,,,,51.25,51.88,51.16,,,,,,
2006-04-19 00:00:00,,,,51.47,51.5,50.09,,,,,,
2006-04-20 00:00:00,,,,50.4,50.58,49.67,,,,,,
2006-04-21 00:00:00,,,,50.35,50.37,49,,,,,,
2006-04-24 00:00:00,,,,49.45,49.56,48.85,,,,,,
2006-04-25 00:00:00,,,,49,49.5,48.67,,,,,,
2006-04-26 00:00:00,,,,48.66,48.86,47.68,,,,0,8,8
2006-04-27 00:00:00,,,,48.08,48.5,47.85,,,,,,
2006-04-28 00:00:00,,,,48.13,48.75,47.94,,,,,,
2006-05-01 00:00:00,,,,48.77,48.85,47.67,,,,0,8,8
2006-05-02 00:00:00,,,,47.8,48.49,47.8,,,,,,
2006-05-03 00:00:00,,,,47.8,47.86,46.84,,,,,,
2006-05-04 00:00:00,,,,47.66,47.8,47.2,,,,0,8,8
2006-05-05 00:00:00,,,,49.5,49.6,48.35,,,,0,8,8
2006-05-08 00:00:00,,,,48.64,49.12,48.57,,,,,,
2006-05-09 00:00:00,,,,48.6,49.15,48.6,,,,0,8,8
2006-05-10 00:00:00,,,,48.43,48.66,48.24,,,,,,
2006-05-11 00:00:00,,,,48.17,48.44,47.95,,,,,,
2006-05-12 00:00:00,,,,47.95,48.06,47.74,,,,,,
2006-05-15 00:00:00,,,,47.9,49.35,47.8,,,,,,
2006-05-16 00:00:00,,,,49.18,49.47,49.18,,,,,,
2006-05-17 00:00:00,,,,49.2,49.33,48.7,,,,,,
2006-05-18 00:00:00,,,,48.78,48.97,48.57,,,,,,
2006-05-19 00:00:00,,,,48.9,48.9,48.43,,,,,,
2006-05-22 00:00:00,,,,48.4,48.97,48.3,,,,,,
2006-05-23 00:00:00,,,,48.39,48.5,47.96,,,,,,
2006-05-24 00:00:00,,,,47.85,48.22,47.38,,,,,,
2006-05-25 00:00:00,,,,48.1,48.71,48.04,,,,,,
2006-05-26 00:00:00,,,,48.58,48.81,48,,,,0,8,8
2006-05-30 00:00:00,,,,48.44,48.79,48.15,,,,0,8,8
2006-05-31 00:00:00,,,,48.61,49.5,48.4,,,,0,8,8
2006-06-01 00:00:00,,,,49.5,50.52,49.17,,,,,,
2006-06-02 00:00:00,,,,50.48,50.48,49.28,,,,,,
2006-06-05 00:00:00,,,,49.65,49.65,48.53,,,,,,
2006-06-06 00:00:00,,,,48.4,48.74,48,,,,,,
2006-06-07 00:00:00,,,,48.25,48.48,47.82,,,,,,
2006-06-08 00:00:00,,,,47.97,47.98,45.83,,,,,,
2006-06-09 00:00:00,,,,46.2,46.27,45.65,,,,,,
2006-06-12 00:00:00,,,,45.7,46.25,45.55,,,,0,8,8
2006-06-13 00:00:00,,,,45.45,45.52,44.86,,,,0,8,9
2006-06-14 00:00:00,,,,44.75,45.65,44.75,,,,,,
2006-06-15 00:00:00,,,,45.65,46.85,45.57,,,,,,
2006-06-16 00:00:00,,,,46.4,46.55,45.61,,,,,,
2006-06-19 00:00:00,,,,46.05,46.1,45.15,,,,0,8,9
2006-06-20 00:00:00,,,,45.35,45.66,45.15,,,,,,
2006-06-21 00:00:00,,,,45.53,46.43,45.33,,,,,,
2006-06-22 00:00:00,,,,46.24,46.55,45.23,,,,0,8,9
2006-06-23 00:00:00,,,,45.1,46.05,44.6,,,,0,8,9
2006-06-26 00:00:00,,,,46.75,47.25,46.39,,,,0,9,8
2006-06-27 00:00:00,,,,46.93,46.93,46.5,,,,,,
2006-06-28 00:00:00,,,,46.77,46.96,45.96,,,,0,9,8
2006-06-29 00:00:00,,,,46.75,47.09,46.29,,,,,,
2006-06-30 00:00:00,,,,47.15,47.75,47.06,,,,,,
2006-07-03 00:00:00,,,,47.4,47.41,46.6,,,,,,
2006-07-05 00:00:00,,,,46.87,46.91,46.25,,,,,,
2006-07-06 00:00:00,,,,46.65,47.05,46.49,,,,,,
2006-07-07 00:00:00,,,,46.63,47.51,46.61,,,,,,
2006-07-10 00:00:00,,,,47.23,47.23,46.61,,,,,,
2006-07-11 00:00:00,,,,47.15,48.22,47.15,,,,0,9,8
2006-07-12 00:00:00,,,,47.35,47.74,46.83,,,,0,9,8
2006-07-13 00:00:00,,,,47.01,47.28,46.15,,,,,,
2006-07-14 00:00:00,,,,46.25,46.25,45.23,,,,,,
2006-07-17 00:00:00,,,,45.68,46.15,45.44,,,,,,
2006-07-18 00:00:00,,,,46.15,46.34,45.45,,,,,,
2006-07-19 00:00:00,,,,46.5,48.2,46.45,,,,0,9,8
2006-07-20 00:00:00,,,,48.06,48.24,47.81,,,,,,
2006-07-21 00:00:00,,,,49,49.95,48.9,,,,,,
2006-07-24 00:00:00,,,,49.51,50.42,49.51,,,,,,
2006-07-25 00:00:00,,,,49.95,50.55,49.7,,,,,,
2006-07-26 00:00:00,,,,50.3,50.85,50.1,,,,0,9,8
2006-07-27 00:00:00,,,,50.26,50.64,49.75,,,,0,9,8
2006-07-28 00:00:00,,,,50.65,52.45,50.6,,,,0,9,8
2006-07-31 00:00:00,,,,50.8,51.2,50.26,,,,,,
2006-08-01 00:00:00,,,,50.39,50.7,50.34,,,,,,
2006-08-02 00:00:00,,,,50.51,51.57,50.51,,,,0,9,8
2006-08-03 00:00:00,,,,51.38,51.67,51.13,,,,,,
2006-08-04 00:00:00,,,,51.75,51.84,51.14,,,,,,
2006-08-07 00:00:00,,,,51.19,51.36,50.93,,,,,,
2006-08-08 00:00:00,,,,50.9,51.17,50.63,,,,,,
2006-08-09 00:00:00,,,,51.33,51.7,50.55,,,,,,
2006-08-10 00:00:00,,,,50.58,51.54,50.56,,,,,,
2006-08-11 00:00:00,,,,51.27,51.63,50.78,,,,,,
2006-08-14 00:00:00,,,,51.6,51.74,51.03,,,,,,
2006-08-15 00:00:00,,,,51.53,51.8,51.04,,,,,,
2006-08-16 00:00:00,,,,51.38,51.8,51.11,,,,,,
2006-08-17 00:00:00,,,,51.45,52.05,51.4,,,,,,
2006-08-18 00:00:00,,,,52.09,52.16,51.74,,,,,,
2006-08-21 00:00:00,,,,52.08,52.08,51.28,,,,,,
2006-08-22 00:00:00,,,,51.32,51.63,51.26,,,,,,
2006-08-23 00:00:00,,,,51.65,51.76,51.01,,,,,,
2006-08-24 00:00:00,,,,51.37,51.61,51.05,,,,0,9,7
2006-08-25 00:00:00,,,,51.04,52.16,51.04,,,,0,9,7
2006-08-28 00:00:00,,,,51.38,51.63,51.16,,,,,,
2006-08-29 00:00:00,,,,51.26,51.5,51.14,,,,,,
2006-08-30 00:00:00,,,,51.24,51.46,50.98,,,,,,
2006-08-31 00:00:00,,,,51.05,51.34,50.58,,,,,,
2006-09-01 00:00:00,,,,51.15,51.95,51.15,,,,,,
2006-09-05 00:00:00,,,,51.85,52.11,51.77,,,,,,
2006-09-06 00:00:00,,,,51.86,52.84,51.75,,,,0,9,7
2006-09-07 00:00:00,,,,52.58,53.33,52.57,,,,,,
2006-09-08 00:00:00,,,,53,53.68,53,,,,0,9,7
2006-09-11 00:00:00,,,,53.5,54.97,53.4,,,,0,9,7
2006-09-12 00:00:00,,,,54.9,55.09,54.26,,,,,,
2006-09-13 00:00:00,,,,54.5,54.85,53.93,,,,0,9,7
2006-09-14 00:00:00,,,,54,54.41,53.78,,,,0,9,6
2006-09-15 00:00:00,,,,54.6,54.6,53.93,,,,0,9,6
2006-09-18 00:00:00,,,,54.13,54.48,54.03,,,,,,
2006-09-19 00:00:00,,,,54.5,54.74,54.18,,,,,,
2006-09-20 00:00:00,,,,54.75,54.75,53.91,,,,,,
2006-09-21 00:00:00,,,,53.97,53.97,52.08,,,,0,9,6
2006-09-22 00:00:00,,,,53.1,53.25,52.33,,,,0,9,6
2006-09-25 00:00:00,,,,52.6,53.36,52.3,,,,,,
2006-09-26 00:00:00,,,,52.95,53.03,52.26,,,,,,
2006-09-27 00:00:00,,,,52.38,52.74,52.09,,,,0,9,6
2006-09-28 00:00:00,,,,52.61,53.14,52.32,,,,,,
2006-09-29 00:00:00,,,,53.5,53.84,52.67,,,,,,
2006-10-02 00:00:00,,,,52.97,54.39,52.92,,,,,,
2006-10-03 00:00:00,,,,53.37,54.08,53.33,,,,,,
2006-10-04 00:00:00,,,,53.54,53.75,53.16,,,,,,
2006-10-05 00:00:00,,,,52.96,53.46,52.79,,,,,,
2006-10-06 00:00:00,,,,53,53,50.04,,,,,,
2006-10-09 00:00:00,,,,50.55,51.37,50.02,,,,,,
2006-10-10 00:00:00,,,,51.17,51.3,50.14,,,,,,
2006-10-11 00:00:00,,,,49.91,50.36,49.9,,,,,,
2006-10-12 00:00:00,,,,50.02,50.17,49.63,,,,,,
2006-10-13 00:00:00,,,,50.09,50.29,49.58,,,,,,
2006-10-16 00:00:00,,,,49.87,50.37,49.77,,,,0,9,6
2006-10-17 00:00:00,,,,50.31,50.8,50.11,,,,0,9,6
2006-10-18 00:00:00,,,,50.66,51,50.25,,,,,,
2006-10-19 00:00:00,,,,50.41,51.22,50.14,,,,,,
2006-10-20 00:00:00,,,,51.43,51.5,50.92,,,,0,9,6
2006-10-23 00:00:00,,,,51.1,51.82,50.82,,,,,,
2006-10-24 00:00:00,,,,51.72,52.2,51.2,,,,0,9,6
2006-10-25 00:00:00,,,,52.12,52.43,50.85,,,,,,
2006-10-26 00:00:00,,,,51.01,51.06,50.12,,,,,,
2006-10-27 00:00:00,,,,50.1,51.17,49.74,,,,,,
2006-10-30 00:00:00,,,,50.85,51.17,50.57,,,,0,9,6
2006-10-31 00:00:00,,,,50.85,50.88,49.79,,,,,,
2006-11-01 00:00:00,,,,51.55,51.83,48.8,,,,0,9,6
2006-11-02 00:00:00,,,,49,50.25,48.75,,,,0,9,6
2006-11-03 00:00:00,,,,49.72,49.87,48.52,,,,0,9,6
2006-11-06 00:00:00,,,,48.61,49.85,48.49,,,,0,9,6
2006-11-07 00:00:00,,,,49.89,51.2,49.81,,,,0,9,6
2006-11-08 00:00:00,,,,50.45,50.8,49.99,,,,0,9,5
2006-11-09 00:00:00,,,,50.42,50.85,49.88,,,,,,
2006-11-10 00:00:00,,,,50.1,50.5,49.34,,,,,,
2006-11-13 00:00:00,,,,49.27,50.08,49.22,,,,,,
2006-11-14 00:00:00,,,,50.1,50.97,49.41,,,,,,
2006-11-15 00:00:00,,,,50.11,50.6,49.65,,,,0,9,5
2006-11-16 00:00:00,,,,50.1,50.98,50.05,,,,0,9,5
2006-11-17 00:00:00,,,,50.25,50.36,49.54,,,,,,
2006-11-20 00:00:00,,,,49.5,49.74,48.82,,,,,,
2006-11-21 00:00:00,,,,49.1,49.14,47.38,,,,,,
2006-11-22 00:00:00,,,,48.17,48.8,47.93,,,,,,
2006-11-24 00:00:00,,,,48.91,49.3,48.15,,,,,,
2006-11-27 00:00:00,,,,47.88,48.39,47.59,,,,,,
2006-11-28 00:00:00,,,,48.25,48.75,48.12,,,,,,
2006-11-29 00:00:00,,,,48.69,49.11,48.45,,,,0,9,5
2006-11-30 00:00:00,,,,49.35,49.58,49.15,,,,,,
2006-12-01 00:00:00,,,,49.51,49.52,48.94,,,,0,9,5
2006-12-04 00:00:00,,,,49.52,49.54,49.07,,,,,,
2006-12-05 00:00:00,,,,49.25,49.31,48.82,,,,,,
2006-12-06 00:00:00,,,,48.91,50,48.43,,,,,,
2006-12-07 00:00:00,,,,50,50,49.19,,,,,,
2006-12-08 00:00:00,,,,49.31,49.41,48.61,,,,,,
2006-12-11 00:00:00,,,,49.04,50.35,48.99,,,,,,
2006-12-12 00:00:00,,,,50.15,50.91,50.12,,,,,,
2006-12-13 00:00:00,,,,50.92,51.18,50.52,,,,,,
2006-12-14 00:00:00,,,,50.68,51.43,50.44,,,,,,
2006-12-15 00:00:00,,,,51.32,51.37,50.53,,,,0,9,5
2006-12-18 00:00:00,,,,51.18,51.24,50.6,,,,,,
2006-12-19 00:00:00,,,,50.9,50.93,50.47,,,,0,9,5
2006-12-20 00:00:00,,,,50.55,51.13,50.11,,,,0,9,5
2006-12-21 00:00:00,,,,51.06,51.26,50.73,,,,,,
2006-12-22 00:00:00,,,,51,51.19,50.65,,,,,,
2006-12-26 00:00:00,,,,50.55,51.03,50.35,,,,,,
2006-12-27 00:00:00,,,,51,51.15,50.69,,,,,,
2006-12-28 00:00:00,,,,51.03,51.14,50.49,,,,,,
2006-12-29 00:00:00,,,,50.7,51.04,50.6,,,,,,
2007-01-03 00:00:00,,,,50.86,51.84,50.8,,,,0,9,5
2007-01-04 00:00:00,,,,51.35,51.6,51.15,,,,,,
2007-01-05 00:00:00,,,,51.3,51.68,51.05,,,,,,
2007-01-08 00:00:00,,,,51.21,51.89,50.82,,,,0,9,5
2007-01-09 00:00:00,,,,51.67,51.87,51.01,,,,,,
2007-01-10 00:00:00,,,,52,52.47,51.65,,,,0,10,4
2007-01-11 00:00:00,,,,52.1,52.94,51.91,,,,,,
2007-01-12 00:00:00,,,,52.73,54.45,52.4,,,,0,10,4
2007-01-16 00:00:00,,,,54.27,54.74,54.18,,,,,,
2007-01-17 00:00:00,,,,54.75,55.66,54.59,,,,0,10,4
2007-01-18 00:00:00,,,,55.2,55.4,54.76,,,,,,
2007-01-19 00:00:00,,,,55.45,55.45,54.86,,,,,,
2007-01-22 00:00:00,,,,55.13,55.23,53.84,,,,0,9,5
2007-01-23 00:00:00,,,,54.25,54.53,54.14,,,,0,9,5
2007-01-24 00:00:00,,,,54.35,55.5,54.11,,,,0,9,5
2007-01-25 00:00:00,,,,55.5,56.66,55.33,,,,0,9,5
2007-01-26 00:00:00,,,,56.7,56.91,55.4,,,,0,9,5
2007-01-29 00:00:00,,,,55.45,55.93,55.03,,,,0,10,5
2007-01-30 00:00:00,,,,55.58,55.73,55.24,,,,0,10,5
2007-01-31 00:00:00,,,,55.5,55.84,55.29,,,,,,
2007-02-01 00:00:00,,,,55.74,56.16,55.6,,,,,,
2007-02-02 00:00:00,,,,56.44,56.45,55.61,,,,,,
2007-02-05 00:00:00,,,,55.77,56.38,55.77,,,,,,
2007-02-06 00:00:00,,,,55.77,56.11,55.46,,,,,,
2007-02-07 00:00:00,,,,55.8,56,55.54,,,,,,
2007-02-08 00:00:00,,,,55.4,55.86,55.29,,,,,,
2007-02-09 00:00:00,,,,55.8,56.07,55.55,,,,,,
2007-02-12 00:00:00,,,,55.41,55.95,55.41,,,,0,10,5
2007-02-13 00:00:00,,,,55.84,56.45,55.67,,,,,,
2007-02-14 00:00:00,,,,56.48,56.9,56.19,,,,0,10,5
2007-02-15 00:00:00,,,,56.74,56.99,56.61,,,,0,10,4
2007-02-16 00:00:00,,,,56.98,57.3,56.68,,,,0,11,4
2007-02-20 00:00:00,,,,57.15,57.58,57.13,,,,,,
2007-02-21 00:00:00,,,,57.28,57.61,57.14,,,,,,
2007-02-22 00:00:00,,,,57.45,57.72,57.08,,,,,,
2007-02-23 00:00:00,,,,57.26,57.57,56.76,,,,0,11,4
2007-02-26 00:00:00,,,,57.4,58.07,57.12,,,,0,11,4
2007-02-27 00:00:00,,,,57.08,57.13,55.11,,,,0,11,4
2007-02-28 00:00:00,,,,56,56.55,55.57,,,,,,
2007-03-01 00:00:00,,,,54.93,56,54.7,,,,0,11,4
2007-03-02 00:00:00,,,,55.11,55.39,54.51,,,,,,
2007-03-05 00:00:00,,,,54.65,54.9,53.99,,,,0,11,4
2007-03-06 00:00:00,,,,54.14,55.09,54,,,,,,
2007-03-07 00:00:00,,,,54.8,55.59,54.8,,,,,,
2007-03-08 00:00:00,,,,55.33,56,55.29,,,,,,
2007-03-09 00:00:00,,,,56.12,56.32,55.88,,,,,,
2007-03-12 00:00:00,,,,56.1,56.78,55.88,,,,,,
2007-03-13 00:00:00,,,,55.71,55.87,54.32,,,,,,
2007-03-14 00:00:00,,,,54.43,54.95,53.97,,,,,,
2007-03-15 00:00:00,,,,54.6,55.07,54.36,,,,,,
2007-03-16 00:00:00,,,,55.24,55.46,54.47,,,,,,
2007-03-19 00:00:00,,,,55.8,56.63,55.44,,,,,,
2007-03-20 00:00:00,,,,56.47,56.69,55.89,,,,,,
2007-03-21 00:00:00,,,,56.5,57.51,56.18,,,,,,
2007-03-22 00:00:00,,,,57.28,57.54,56.92,,,,,,
2007-03-23 00:00:00,,,,57.3,57.95,57.08,,,,,,
2007-03-26 00:00:00,,,,57.47,57.99,57,,,,,,
2007-03-27 00:00:00,,,,57.72,58.56,57.57,,,,0,11,4
2007-03-28 00:00:00,,,,58.3,58.95,58.16,,,,0,11,5
2007-03-29 00:00:00,,,,59.15,59.31,57.77,,,,0,12,5
2007-03-30 00:00:00,,,,58.44,58.6,57.68,,,,,,
2007-04-02 00:00:00,,,,58.59,59.35,58.54,,,,,,
2007-04-03 00:00:00,,,,59.07,59.3,58.68,,,,0,12,5
2007-04-04 00:00:00,,,,58.83,59.24,58.38,,,,,,
2007-04-05 00:00:00,,,,58.93,59.22,58.68,,,,,,
2007-04-09 00:00:00,,,,58.77,58.84,58.21,,,,,,
2007-04-10 00:00:00,,,,58.49,58.9,58.31,,,,0,11,5
2007-04-11 00:00:00,,,,58.42,59.11,58.42,,,,,,
2007-04-12 00:00:00,,,,58.33,59.15,58.33,,,,,,
2007-04-13 00:00:00,,,,59.24,59.75,59.1,,,,,,
2007-04-16 00:00:00,,,,59.89,59.98,59.59,,,,,,
2007-04-17 00:00:00,,,,59.91,59.93,59.37,,,,,,
2007-04-18 00:00:00,,,,59.33,60.18,59.2,,,,0,12,5
2007-04-19 00:00:00,,,,60.02,60.28,59.31,,,,,,
2007-04-20 00:00:00,,,,60.46,60.47,60,,,,,,
2007-04-23 00:00:00,,,,60.25,60.68,60.06,,,,,,
2007-04-24 00:00:00,,,,60.38,60.9,59.78,,,,,,
2007-04-25 00:00:00,,,,60.95,60.95,59.79,,,,0,12,5
2007-04-26 00:00:00,,,,60.63,61,58,,,,,,
2007-04-27 00:00:00,,,,59,59.09,57.72,,,,,,
2007-04-30 00:00:00,,,,58.45,59.21,58.26,,,,,,
2007-05-01 00:00:00,,,,59.05,59.28,58.62,,,,,,
2007-05-02 00:00:00,,,,59.12,59.69,59.01,,,,,,
2007-05-03 00:00:00,,,,59.68,59.95,59.18,,,,,,
2007-05-04 00:00:00,,,,59.75,60.13,59.49,,,,0,12,5
2007-05-07 00:00:00,,,,59.59,60.02,59.18,,,,,,
2007-05-08 00:00:00,,,,60.53,61.21,59.25,,,,0,12,7
2007-05-09 00:00:00,,,,60.4,60.64,59.59,,,,,,
2007-05-10 00:00:00,,,,59.49,59.63,58.87,,,,,,
2007-05-11 00:00:00,,,,59.21,59.87,59.2,,,,,,
2007-05-14 00:00:00,,,,59.78,60.73,59.75,,,,0,12,7
2007-05-15 00:00:00,,,,60.56,61.09,60.33,,,,,,
2007-05-16 00:00:00,,,,60.61,61.34,60.58,,,,,,
2007-05-17 00:00:00,,,,60.86,61.59,60.68,,,,,,
2007-05-18 00:00:00,,,,61.62,61.96,61.31,,,,,,
2007-05-21 00:00:00,,,,61.8,62.52,61.79,,,,,,
2007-05-22 00:00:00,,,,62.2,62.47,62,,,,,,
2007-05-23 00:00:00,,,,62.32,62.94,61.99,,,,0,12,7
2007-05-24 00:00:00,,,,62.6,62.94,62.24,,,,,,
2007-05-25 00:00:00,,,,62.54,62.78,62.24,,,,,,
2007-05-29 00:00:00,,,,62.31,62.78,62.19,,,,,,
2007-05-30 00:00:00,,,,62.52,62.91,62.18,,,,,,
2007-05-31 00:00:00,,,,62.9,63.39,62.89,,,,0,12,7
2007-06-01 00:00:00,,,,63.15,63.74,63.05,,,,,,
2007-06-04 00:00:00,,,,63.67,63.9,63.29,,,,,,
2007-06-05 00:00:00,,,,63.3,63.44,61.94,,,,0,12,7
2007-06-06 00:00:00,,,,62.17,62.46,61.74,,,,,,
2007-06-07 00:00:00,,,,61.97,62.42,61.09,,,,0,12,7
2007-06-08 00:00:00,,,,61.18,61.9,60.98,,,,,,
2007-06-11 00:00:00,,,,61.85,61.86,61.21,,,,,,
2007-06-12 00:00:00,,,,61.46,62.06,61.1,,,,,,
2007-06-13 00:00:00,,,,61.32,61.37,60.52,,,,,,
2007-06-14 00:00:00,,,,61.67,62.18,60.96,,,,,,
2007-06-15 00:00:00,,,,61.55,61.67,60.56,,,,,,
2007-06-18 00:00:00,,,,60.66,60.66,59.8,,,,,,
2007-06-19 00:00:00,,,,59.66,60.28,59.09,,,,,,
2007-06-20 00:00:00,,,,60.3,60.5,58.52,,,,,,
2007-06-21 00:00:00,,,,58.44,59.32,58.02,,,,0,12,7
2007-06-22 00:00:00,,,,58.71,58.89,57.89,,,,0,12,7
2007-06-25 00:00:00,,,,58.1,59.33,58.03,,,,,,
2007-06-26 00:00:00,,,,58.97,59.31,58.63,,,,,,
2007-06-27 00:00:00,,,,58.78,60.18,58.78,,,,,,
2007-06-28 00:00:00,,,,60.01,60.72,59.76,,,,,,
2007-06-29 00:00:00,,,,60.43,60.71,59.16,,,,,,
2007-07-02 00:00:00,,,,59.98,60.02,59.42,,,,,,
2007-07-03 00:00:00,,,,59.6,60.35,59.45,,,,,,
2007-07-05 00:00:00,,,,60.25,60.45,59.89,,,,,,
2007-07-06 00:00:00,,,,60.23,60.24,59.42,,,,,,
2007-07-09 00:00:00,,,,59.81,59.9,58.84,,,,,,
2007-07-10 00:00:00,,,,58.5,58.82,58.02,,,,,,
2007-07-11 00:00:00,,,,58.37,59.2,58.24,,,,0,12,7
2007-07-12 00:00:00,,,,59.28,60.55,59.22,,,,0,12,7
2007-07-13 00:00:00,,,,60.49,60.65,60.3,,,,,,
2007-07-16 00:00:00,,,,60.29,60.44,59.74,,,,,,
2007-07-17 00:00:00,,,,60.33,61.09,60.27,,,,0,12,7
2007-07-18 00:00:00,,,,60.71,60.71,58.73,,,,0,12,7
2007-07-19 00:00:00,,,,59.24,59.44,59.01,,,,,,
2007-07-20 00:00:00,,,,59.26,59.45,58.14,,,,,,
2007-07-23 00:00:00,,,,58.94,59.3,58.75,,,,,,
2007-07-24 00:00:00,,,,58.57,59.41,58.46,,,,,,
2007-07-25 00:00:00,,,,58.92,59.3,58.1,,,,,,
2007-07-26 00:00:00,,,,58.32,58.58,57.6,,,,0,12,7
2007-07-27 00:00:00,,,,57.97,58.18,55.73,,,,0,12,7
2007-07-30 00:00:00,,,,55.88,57.52,55.2,,,,,,
2007-07-31 00:00:00,,,,57.48,58.49,57.33,,,,0,12,7
2007-08-01 00:00:00,,,,57.49,58.74,57.27,,,,,,
2007-08-02 00:00:00,,,,58.81,59.54,58.71,,,,0,12,7
2007-08-03 00:00:00,,,,59.44,59.84,58.46,,,,,,
2007-08-06 00:00:00,,,,59.16,61.78,58.64,,,,,,
2007-08-07 00:00:00,,,,61.31,61.6,58.9,,,,,,
2007-08-08 00:00:00,,,,60.15,60.43,59.73,,,,,,
2007-08-09 00:00:00,,,,58.29,58.68,56,,,,,,
2007-08-10 00:00:00,,,,55.56,57.11,55.33,,,,,,
2007-08-13 00:00:00,,,,56.79,58.11,56.5,,,,,,
2007-08-14 00:00:00,,,,56.98,57.84,56.01,,,,,,
2007-08-15 00:00:00,,,,55.89,57.6,55.86,,,,0,12,7
2007-08-16 00:00:00,,,,56.19,57.3,55.6,,,,,,
2007-08-17 00:00:00,,,,58.4,58.6,57.13,,,,,,
2007-08-20 00:00:00,,,,58.37,58.87,56.78,,,,,,
2007-08-21 00:00:00,,,,57.61,58.72,57.4,,,,0,12,7
2007-08-22 00:00:00,,,,59,59.07,58.25,,,,,,
2007-08-23 00:00:00,,,,59,59.2,58.35,,,,,,
2007-08-24 00:00:00,,,,58.7,59.33,58.37,,,,,,
2007-08-27 00:00:00,,,,58.92,59.42,58.36,,,,,,
2007-08-28 00:00:00,,,,58.6,59.24,58.32,,,,,,
2007-08-29 00:00:00,,,,58.56,58.73,56.92,,,,,,
2007-08-30 00:00:00,,,,57.5,58.05,57.29,,,,,,
2007-08-31 00:00:00,,,,58.06,58.39,56.89,,,,,,
2007-09-04 00:00:00,,,,56.83,57.45,56.83,,,,,,
2007-09-05 00:00:00,,,,56.78,57.08,56.08,,,,,,
2007-09-06 00:00:00,,,,56.61,56.66,55.08,,,,,,
2007-09-07 00:00:00,,,,54.36,55.35,54.25,,,,,,
2007-09-10 00:00:00,,,,54.93,55.13,54.62,,,,,,
2007-09-11 00:00:00,,,,54.97,55.75,54.71,,,,,,
2007-09-12 00:00:00,,,,55.46,55.69,54.88,,,,,,
2007-09-13 00:00:00,,,,55.29,56.23,55.15,,,,,,
2007-09-14 00:00:00,,,,55,55.12,53.56,,,,,,
2007-09-17 00:00:00,,,,53.85,54.36,53.45,,,,0,12,7
2007-09-18 00:00:00,,,,53.99,56.16,53.99,,,,,,
2007-09-19 00:00:00,,,,56.47,56.93,55.73,,,,,,
2007-09-20 00:00:00,,,,56.6,57.32,56.16,,,,0,12,7
2007-09-21 00:00:00,,,,57,57,55.65,,,,0,12,7
2007-09-24 00:00:00,,,,55.75,56.4,55.75,,,,,,
2007-09-25 00:00:00,,,,56.06,56.76,55.91,,,,,,
2007-09-26 00:00:00,,,,56.79,57.9,56.58,,,,,,
2007-09-27 00:00:00,,,,57.74,58.32,57.47,,,,,,
2007-09-28 00:00:00,,,,57.4,58.82,57.4,,,,,,
2007-10-01 00:00:00,,,,57.65,58.7,56.3,,,,0,12,6
2007-10-02 00:00:00,,,,58.39,58.86,58.15,,,,0,11,6
2007-10-03 00:00:00,,,,58.05,59,58.01,,,,,,
2007-10-04 00:00:00,,,,58.95,59.37,58.72,,,,0,11,6
2007-10-05 00:00:00,,,,59.52,60.26,58.83,,,,0,11,6
2007-10-08 00:00:00,,,,60,60,58.9,,,,0,11,6
2007-10-09 00:00:00,,,,59.3,59.88,58.81,,,,,,
2007-10-10 00:00:00,,,,59.85,61.02,59.59,,,,,,
2007-10-11 00:00:00,,,,60.9,60.9,59.41,,,,,,
2007-10-12 00:00:00,,,,59.57,59.79,58.75,,,,,,
2007-10-15 00:00:00,,,,59.64,59.68,58.41,,,,0,11,6
2007-10-16 00:00:00,,,,58.87,58.87,57.63,,,,,,
2007-10-17 00:00:00,,,,58.64,58.64,57.99,,,,,,
2007-10-18 00:00:00,,,,57.9,58.89,57.78,,,,,,
2007-10-19 00:00:00,,,,58.01,58.51,57.21,,,,,,
2007-10-22 00:00:00,,,,56.99,57.1,56.5,,,,,,
2007-10-23 00:00:00,,,,57.15,57.82,56.6,,,,,,
2007-10-24 00:00:00,,,,57.54,57.55,56.35,,,,,,
2007-10-25 00:00:00,,,,57.2,58.26,57.07,,,,,,
2007-10-26 00:00:00,,,,57.9,58.71,57.02,,,,0,11,6
2007-10-29 00:00:00,,,,58.7,59,57.51,,,,,,
2007-10-30 00:00:00,,,,58.09,59.17,57.94,,,,0,11,6
2007-10-31 00:00:00,,,,63,66.47,63,,,,0,12,5
2007-11-01 00:00:00,,,,64.64,65.9,64.05,,,,,,
2007-11-02 00:00:00,,,,64.07,64.83,63.3,,,,,,
2007-11-05 00:00:00,,,,63.74,65,63.31,,,,0,12,5
2007-11-06 00:00:00,,,,64.81,65,63.88,,,,,,
2007-11-07 00:00:00,,,,64.21,64.73,63.41,,,,,,
2007-11-08 00:00:00,,,,63.59,64.59,63.01,,,,,,
2007-11-09 00:00:00,,,,63.73,64.67,63.62,,,,,,
2007-11-12 00:00:00,,,,63.51,64.88,63.51,,,,,,
2007-11-13 00:00:00,,,,63.82,64.61,63.32,,,,,,
2007-11-14 00:00:00,,,,64.4,64.62,63.73,,,,,,
2007-11-15 00:00:00,,,,63.45,65.16,63.32,,,,,,
2007-11-16 00:00:00,,,,65.65,66.83,65.15,,,,,,
2007-11-19 00:00:00,,,,66.67,66.98,65.87,,,,,,
2007-11-20 00:00:00,,,,66.13,66.98,65.8,,,,,,
2007-11-21 00:00:00,,,,66.13,66.78,65.66,,,,,,
2007-11-23 00:00:00,,,,66.95,67,66.34,,,,,,
2007-11-26 00:00:00,,,,66.88,68.43,66.85,,,,0,12,5
2007-11-27 00:00:00,,,,67.07,67.27,66.05,,,,,,
2007-11-28 00:00:00,,,,67.03,67.23,66.42,,,,0,12,5
2007-11-29 00:00:00,,,,66.74,66.91,65.68,,,,,,
2007-11-30 00:00:00,,,,66.76,66.97,65.76,,,,,,
2007-12-03 00:00:00,,,,66.34,66.73,65,,,,,,
2007-12-04 00:00:00,,,,65.58,66.46,65.42,,,,,,
2007-12-05 00:00:00,,,,66.07,67.25,65.86,,,,,,
2007-12-06 00:00:00,,,,66.29,66.69,65.25,,,,,,
2007-12-07 00:00:00,,,,66.09,66.62,65.74,,,,,,
2007-12-10 00:00:00,,,,66.68,67.14,65.67,,,,0,12,4
2007-12-11 00:00:00,,,,65.82,66,63.9,,,,0,12,5
2007-12-12 00:00:00,,,,65.61,65.64,64.43,,,,0,12,5
2007-12-13 00:00:00,,,,65.09,65.09,63.6,,,,,,
2007-12-14 00:00:00,,,,63.33,63.81,62.89,,,,,,
2007-12-17 00:00:00,,,,63,64.19,62.87,,,,,,
2007-12-18 00:00:00,,,,63.82,64.7,63.56,,,,,,
2007-12-19 00:00:00,,,,64.89,64.96,63.55,,,,,,
2007-12-20 00:00:00,,,,65.28,65.64,65.01,,,,,,
2007-12-21 00:00:00,,,,65.81,66.2,65.2,,,,,,
2007-12-24 00:00:00,,,,66.09,66.8,65.87,,,,,,
2007-12-26 00:00:00,,,,66.55,66.87,65.97,,,,,,
2007-12-27 00:00:00,,,,66.53,66.95,66.34,,,,,,
2007-12-28 00:00:00,,,,67,67,65.82,,,,,,
2007-12-31 00:00:00,,,,65.67,66.13,65.06,,,,,,
2008-01-02 00:00:00,,,,65.46,65.63,63.68,,,,,,
2008-01-03 00:00:00,,,,63.99,64.08,63.39,,,,,,
2008-01-04 00:00:00,,,,63.56,64.09,63.04,,,,,,
2008-01-07 00:00:00,,,,63.62,64.97,63.12,,,,,,
2008-01-08 00:00:00,,,,64.74,67.09,64.71,,,,,,
2008-01-09 00:00:00,,,,66.26,67.73,66.12,,,,,,
2008-01-10 00:00:00,,,,67.15,67.56,66.36,,,,,,
2008-01-11 00:00:00,,,,66.62,67.97,66.25,,,,,,
2008-01-14 00:00:00,,,,67.98,68.4,66.76,,,,0,12,5
2008-01-15 00:00:00,,,,66.07,66.33,65.37,,,,,,
2008-01-16 00:00:00,,,,65.83,68.36,65.64,,,,,,
2008-01-17 00:00:00,,,,67.9,67.9,66.51,,,,,,
2008-01-18 00:00:00,,,,67.18,67.18,64.16,,,,,,
2008-01-22 00:00:00,,,,64.79,65.2,62.35,,,,,,
2008-01-23 00:00:00,,,,62.24,63.49,60.73,,,,0,12,5
2008-01-24 00:00:00,,,,62.76,63,61.43,,,,0,12,5
2008-01-25 00:00:00,,,,62.69,62.85,60.22,,,,,,
2008-01-28 00:00:00,,,,60.37,61.08,59.81,,,,,,
2008-01-29 00:00:00,,,,59.94,62.69,59.54,,,,0,12,5
2008-01-30 00:00:00,,,,62.94,64.64,62.6,,,,0,12,5
2008-01-31 00:00:00,,,,62.51,63.87,61.51,,,,0,12,5
2008-02-01 00:00:00,,,,61.61,62.15,60.25,,,,0,12,5
2008-02-04 00:00:00,,,,61.54,62.46,61.44,,,,0,11,5
2008-02-05 00:00:00,,,,60.85,61.18,59.82,,,,0,11,5
2008-02-06 00:00:00,,,,59.93,60.25,57.4,,,,0,11,5
2008-02-07 00:00:00,,,,57.64,57.75,56.72,,,,0,11,5
2008-02-08 00:00:00,,,,56.87,57.97,56.69,,,,,,
2008-02-11 00:00:00,,,,57.56,57.85,57.02,,,,,,
2008-02-12 00:00:00,,,,57.83,58.44,57.51,,,,,,
2008-02-13 00:00:00,,,,58.38,58.73,57.53,,,,,,
2008-02-14 00:00:00,,,,57.58,58.51,57.39,,,,,,
2008-02-15 00:00:00,,,,58.18,58.56,57.76,,,,,,
2008-02-18 00:00:00,,,,,,,,,,0,10,5
2008-02-19 00:00:00,,,,58.74,59.45,58.59,,,,,,
2008-02-20 00:00:00,,,,59.05,59.55,58.69,,,,,,
2008-02-21 00:00:00,,,,59.39,59.63,58.95,,,,,,
2008-02-22 00:00:00,,,,58.81,59.98,58.81,,,,,,
2008-02-25 00:00:00,,,,60.07,61.36,59.95,,,,0,10,5
2008-02-26 00:00:00,,,,60.77,61.2,60.4,,,,0,10,5
2008-02-27 00:00:00,,,,60.53,61.11,60.44,,,,,,
2008-02-28 00:00:00,,,,60.29,60.29,59.78,,,,,,
2008-02-29 00:00:00,,,,59.31,59.35,58.54,,,,,,
2008-03-03 00:00:00,,,,58.5,58.8,58.36,,,,0,10,5
2008-03-04 00:00:00,,,,58.26,58.4,57.86,,,,0,10,5
2008-03-05 00:00:00,,,,58.35,59.01,58.33,,,,,,
2008-03-06 00:00:00,,,,58.75,58.88,57.97,,,,,,
2008-03-07 00:00:00,,,,57.59,58.05,57.1,,,,,,
2008-03-10 00:00:00,,,,57.05,57.39,55.48,,,,,,
2008-03-11 00:00:00,,,,55.75,55.84,53.66,,,,,,
2008-03-12 00:00:00,,,,55.21,56.46,54.95,,,,,,
2008-03-13 00:00:00,,,,54.3,54.98,52.69,,,,,,
2008-03-14 00:00:00,,,,53.2,54.32,52.05,,,,,,
2008-03-17 00:00:00,,,,52.22,52.95,51.83,,,,,,
2008-03-18 00:00:00,,,,53.18,54.32,52.97,,,,,,
2008-03-19 00:00:00,,,,54.68,55.36,54.39,,,,,,
2008-03-20 00:00:00,,,,54.82,55.24,54.01,,,,,,
2008-03-24 00:00:00,,,,55,55.07,53.49,,,,,,
2008-03-25 00:00:00,,,,53.45,53.86,51.71,,,,,,
2008-03-26 00:00:00,,,,51.59,52.66,51.54,,,,0,10,5
2008-03-27 00:00:00,,,,52.96,53.05,52,,,,,,
2008-03-28 00:00:00,,,,52.3,52.94,51.5,,,,0,10,5
2008-03-31 00:00:00,,,,51.72,52.44,51.08,,,,,,
2008-04-01 00:00:00,,,,52.8,53.97,52.34,,,,0,10,5
2008-04-02 00:00:00,,,,53.7,53.91,52.51,,,,0,10,5
2008-04-03 00:00:00,,,,52.95,53.55,52.79,,,,,,
2008-04-04 00:00:00,,,,52.85,54.32,52.84,,,,,,
2008-04-07 00:00:00,,,,54.79,54.95,52.84,,,,,,
2008-04-08 00:00:00,,,,52.81,53.06,52.67,,,,0,10,5
2008-04-09 00:00:00,,,,53.4,54.1,53.13,,,,0,10,5
2008-04-10 00:00:00,,,,52.63,53.26,52.34,,,,,,
2008-04-11 00:00:00,,,,52.52,52.85,52.04,,,,,,
2008-04-14 00:00:00,,,,52.33,52.33,51.27,,,,,,
2008-04-15 00:00:00,,,,52.26,52.92,51.85,,,,,,
2008-04-16 00:00:00,,,,52.96,52.96,51.73,,,,0,11,5
2008-04-17 00:00:00,,,,52.61,52.96,52.14,,,,0,11,5
2008-04-18 00:00:00,,,,53.63,55.45,53.39,,,,,,
2008-04-21 00:00:00,,,,54.62,54.66,53.49,,,,,,
2008-04-22 00:00:00,,,,53.97,54.33,52.3,,,,,,
2008-04-23 00:00:00,,,,52.99,54.18,52.32,,,,,,
2008-04-24 00:00:00,,,,53.51,55.08,52.74,,,,,,
2008-04-25 00:00:00,,,,54.69,54.83,53.88,,,,0,11,5
2008-04-28 00:00:00,,,,54.59,54.59,53.21,,,,,,
2008-04-29 00:00:00,,,,53.38,53.8,52.95,,,,,,
2008-04-30 00:00:00,,,,52.9,53.4,52.1,,,,,,
2008-05-01 00:00:00,,,,52.37,54.21,52.37,,,,0,11,5
2008-05-02 00:00:00,,,,54.57,54.96,53.91,,,,0,10,6
2008-05-05 00:00:00,,,,53.71,54.22,53.29,,,,,,
2008-05-06 00:00:00,,,,57.95,58.95,56.68,,,,0,10,6
2008-05-07 00:00:00,,,,58.18,58.3,57.15,,,,,,
2008-05-08 00:00:00,,,,57.69,58.06,57.02,,,,0,10,6
2008-05-09 00:00:00,,,,56.64,57.65,56.39,,,,0,11,6
2008-05-12 00:00:00,,,,57.29,57.86,57.14,,,,,,
2008-05-13 00:00:00,,,,58.01,58.2,57.56,,,,,,
2008-05-14 00:00:00,,,,58.4,59.11,58.28,,,,,,
2008-05-15 00:00:00,,,,58.37,58.99,58.02,,,,0,11,6
2008-05-16 00:00:00,,,,58.69,59,58.22,,,,,,
2008-05-19 00:00:00,,,,58.31,58.76,58.09,,,,,,
2008-05-20 00:00:00,,,,58.54,58.6,57.57,,,,0,11,6
2008-05-21 00:00:00,,,,58,58.07,56.93,,,,,,
2008-05-22 00:00:00,,,,57,58.07,56.8,,,,,,
2008-05-23 00:00:00,,,,57.41,57.69,57.18,,,,,,
2008-05-27 00:00:00,,,,57.1,57.62,56.64,,,,,,
2008-05-28 00:00:00,,,,57.75,58,57.26,,,,,,
2008-05-29 00:00:00,,,,57.5,57.88,57.09,,,,,,
2008-05-30 00:00:00,,,,57.51,57.77,56.91,,,,0,10,6
2008-06-02 00:00:00,,,,57.5,57.51,56.9,,,,0,11,5
2008-06-03 00:00:00,,,,57.41,57.97,57.28,,,,,,
2008-06-04 00:00:00,,,,57.01,57.94,57.01,,,,,,
2008-06-05 00:00:00,,,,57.85,58.33,57.63,,,,,,
2008-06-06 00:00:00,,,,57.31,57.79,56.95,,,,0,12,5
2008-06-09 00:00:00,,,,57,57.49,56.52,,,,,,
2008-06-10 00:00:00,,,,56.62,56.8,56.02,,,,,,
2008-06-11 00:00:00,,,,56.07,56.4,55.01,,,,,,
2008-06-12 00:00:00,,,,55.3,56.17,55.19,,,,,,
2008-06-13 00:00:00,,,,56.02,56.39,55.28,,,,,,
2008-06-16 00:00:00,,,,55.99,57.03,55.34,,,,,,
2008-06-17 00:00:00,,,,57.08,57.58,56.24,,,,0,12,5
2008-06-18 00:00:00,,,,55.79,56.13,54.95,,,,0,12,5
2008-06-19 00:00:00,,,,55.46,56.38,55.07,,,,,,
2008-06-20 00:00:00,,,,57.05,57.65,56.38,,,,0,12,5
2008-06-23 00:00:00,,,,57.1,57.66,56.95,,,,,,
2008-06-24 00:00:00,,,,56.84,56.89,55.53,,,,0,12,5
2008-06-25 00:00:00,,,,55.99,57.43,55.78,,,,,,
2008-06-26 00:00:00,,,,56.42,56.75,55.33,,,,,,
2008-06-27 00:00:00,,,,55.7,57,55.54,,,,,,
2008-06-30 00:00:00,,,,56.27,57.22,55.76,,,,,,
2008-07-01 00:00:00,,,,55.58,55.58,54.02,,,,,,
2008-07-02 00:00:00,,,,55.12,56.06,54.91,,,,,,
2008-07-03 00:00:00,,,,55.4,55.4,54.16,,,,,,
2008-07-07 00:00:00,,,,54.66,55.41,53.79,,,,,,
2008-07-08 00:00:00,,,,54.27,56.42,54.2,,,,,,
2008-07-09 00:00:00,,,,56.21,56.65,55.3,,,,,,
2008-07-10 00:00:00,,,,55.37,55.78,54.54,,,,,,
2008-07-11 00:00:00,,,,55.1,55.45,54.35,,,,,,
2008-07-14 00:00:00,,,,55.08,55.4,54.12,,,,,,
2008-07-15 00:00:00,,,,54.26,54.35,53.1,,,,,,
2008-07-16 00:00:00,,,,53.44,53.85,52.5,,,,0,12,5
2008-07-17 00:00:00,,,,53.6,54.59,52.83,,,,0,12,5
2008-07-18 00:00:00,,,,54.1,54.66,53.61,,,,,,
2008-07-21 00:00:00,,,,53.61,54.84,53.31,,,,0,12,5
2008-07-22 00:00:00,,,,53.9,56.37,53.8,,,,,,
2008-07-23 00:00:00,,,,55.76,58.85,54.73,,,,,,
2008-07-24 00:00:00,,,,58,58,55.59,,,,0,12,5
2008-07-25 00:00:00,,,,56.74,57.09,56.07,,,,,,
2008-07-28 00:00:00,,,,56.06,56.2,54.87,,,,,,
2008-07-29 00:00:00,,,,55.32,55.93,54.61,,,,,,
2008-07-30 00:00:00,,,,55.5,56.16,55.12,,,,,,
2008-07-31 00:00:00,,,,55.36,56.74,55.36,,,,,,
2008-08-01 00:00:00,,,,56,56.68,55.95,,,,,,
2008-08-04 00:00:00,,,,56.05,57.06,56.02,,,,,,
2008-08-05 00:00:00,,,,57.13,57.53,56.58,,,,,,
2008-08-06 00:00:00,,,,57.49,57.5,55.93,,,,,,
2008-08-07 00:00:00,,,,55.5,56.03,54.93,,,,,,
2008-08-08 00:00:00,,,,54.8,57.15,54.8,,,,,,
2008-08-11 00:00:00,,,,56.77,56.87,55.95,,,,,,
2008-08-12 00:00:00,,,,56.16,56.46,55.71,,,,,,
2008-08-13 00:00:00,,,,56.04,56.61,55.72,,,,,,
2008-08-14 00:00:00,,,,56.03,56.74,55.67,,,,,,
2008-08-15 00:00:00,,,,56.71,57.91,56.5,,,,,,
2008-08-18 00:00:00,,,,57.61,57.75,56.2,,,,,,
2008-08-19 00:00:00,,,,55.29,57.27,55.29,,,,,,
2008-08-20 00:00:00,,,,57.25,57.27,56.32,,,,,,
2008-08-21 00:00:00,,,,56.39,57.54,56.25,,,,,,
2008-08-22 00:00:00,,,,57.42,58.69,57.4,,,,,,
2008-08-25 00:00:00,,,,58.43,58.69,57.7,,,,,,
2008-08-26 00:00:00,,,,57.86,58.25,57.36,,,,,,
2008-08-27 00:00:00,,,,57.83,58.28,57.68,,,,,,
2008-08-28 00:00:00,,,,58.23,58.81,58.1,,,,,,
2008-08-29 00:00:00,,,,58.85,59.06,57.78,,,,,,
2008-09-01 00:00:00,,,,,,,,,,0,12,5
2008-09-02 00:00:00,,,,58.79,59.24,58.32,,,,,,
2008-09-03 00:00:00,,,,58.68,58.8,58.01,,,,0,12,5
2008-09-04 00:00:00,,,,58.5,58.78,57.05,,,,,,
2008-09-05 00:00:00,,,,57.27,57.52,56.6,,,,,,
2008-09-08 00:00:00,,,,58,58.35,57.32,,,,,,
2008-09-09 00:00:00,,,,59.07,59.15,57.86,,,,0,12,5
2008-09-10 00:00:00,,,,57.98,58.5,57.56,,,,,,
2008-09-11 00:00:00,,,,57.56,57.95,56.74,,,,0,12,5
2008-09-12 00:00:00,,,,57.88,58,57.17,,,,0,12,5
2008-09-15 00:00:00,,,,56.51,58,56.18,,,,,,
2008-09-16 00:00:00,,,,56.14,57.03,55.58,,,,,,
2008-09-17 00:00:00,,,,56.14,57.15,54.34,,,,,,
2008-09-18 00:00:00,,,,55.49,55.52,53.83,,,,,,
2008-09-19 00:00:00,,,,56.94,57.26,55.51,,,,,,
2008-09-22 00:00:00,,,,56.11,56.6,54.57,,,,,,
2008-09-23 00:00:00,,,,54.98,56.21,54.1,,,,,,
2008-09-24 00:00:00,,,,54.02,54.89,53.72,,,,0,12,5
2008-09-25 00:00:00,,,,54.46,55.08,53.39,,,,,,
2008-09-26 00:00:00,,,,54.04,55.48,54,,,,,,
2008-09-29 00:00:00,,,,54.74,55.5,52,,,,,,
2008-09-30 00:00:00,,,,53.76,53.92,52.27,,,,,,
2008-10-01 00:00:00,,,,53.5,53.5,52.16,,,,,,
2008-10-02 00:00:00,,,,52.76,53.12,50.86,,,,,,
2008-10-03 00:00:00,,,,51.64,51.64,48.86,,,,,,
2008-10-06 00:00:00,,,,47.38,48.56,42.78,,,,0,12,5
2008-10-07 00:00:00,,,,44.69,45.45,43.34,,,,,,
2008-10-08 00:00:00,,,,42.67,44.45,42.5,,,,,,
2008-10-09 00:00:00,,,,43.9,44.52,40.71,,,,,,
2008-10-10 00:00:00,,,,38.92,41.91,36.92,,,,,,
2008-10-13 00:00:00,,,,41.03,45.86,41,,,,0,12,5
2008-10-14 00:00:00,,,,46.91,46.95,43.84,,,,0,12,5
2008-10-15 00:00:00,,,,44.41,44.72,43,,,,0,12,5
2008-10-16 00:00:00,,,,42.71,43.95,41.06,,,,0,12,5
2008-10-17 00:00:00,,,,43.25,46.63,42.57,,,,0,12,5
2008-10-20 00:00:00,,,,45,45.93,44.09,,,,,,
2008-10-21 00:00:00,,,,46.28,47.38,44.95,,,,0,13,4
2008-10-22 00:00:00,,,,44,44.3,41.84,,,,,,
2008-10-23 00:00:00,,,,42.65,43.08,40.23,,,,,,
2008-10-24 00:00:00,,,,38.86,40.72,38.58,,,,,,
2008-10-27 00:00:00,,,,38.51,39.23,36.86,,,,0,13,4
2008-10-28 00:00:00,,,,37.59,40.28,37.01,,,,0,13,4
2008-10-29 00:00:00,,,,38.4,38.4,35.36,,,,0,12,5
2008-10-30 00:00:00,,,,36.76,37.83,35.86,,,,0,12,5
2008-10-31 00:00:00,,,,36.46,36.93,36,,,,0,12,6
2008-11-03 00:00:00,,,,35.99,36.78,35.82,,,,,,
2008-11-04 00:00:00,,,,37.23,38.13,37.11,,,,0,12,6
2008-11-05 00:00:00,,,,38,38.66,37.33,,,,,,
2008-11-06 00:00:00,,,,37.51,38.5,37,,,,,,
2008-11-07 00:00:00,,,,38.17,38.41,37.11,,,,,,
2008-11-10 00:00:00,,,,38.54,38.74,36.67,,,,,,
2008-11-11 00:00:00,,,,36.6,36.61,35.21,,,,0,12,6
2008-11-12 00:00:00,,,,35.38,35.86,33.96,,,,,,
2008-11-13 00:00:00,,,,34.4,36.28,33.11,,,,,,
2008-11-14 00:00:00,,,,35.76,36.67,35.25,,,,,,
2008-11-17 00:00:00,,,,34.72,35.27,33.99,,,,,,
2008-11-18 00:00:00,,,,34.2,34.26,32.49,,,,,,
2008-11-19 00:00:00,,,,33.75,34.08,31.98,,,,,,
2008-11-20 00:00:00,,,,31.65,31.89,28.27,,,,,,
2008-11-21 00:00:00,,,,28.81,30.41,28.34,,,,0,12,6
2008-11-24 00:00:00,,,,30.71,32,30.13,,,,0,12,6
2008-11-25 00:00:00,,,,32.37,33.28,32.13,,,,0,12,6
2008-11-26 00:00:00,,,,32.38,34.32,31.89,,,,,,
2008-11-28 00:00:00,,,,34.39,35.03,34.35,,,,,,
2008-12-01 00:00:00,,,,34.05,34.12,31.91,,,,,,
2008-12-02 00:00:00,,,,32.99,33.06,31.82,,,,0,12,6
2008-12-03 00:00:00,,,,31.86,33.77,31.84,,,,0,12,6
2008-12-04 00:00:00,,,,33,33.35,32.5,,,,,,
2008-12-05 00:00:00,,,,32.58,33.69,31.34,,,,,,
2008-12-08 00:00:00,,,,34.1,34.73,33.29,,,,,,
2008-12-09 00:00:00,,,,34.16,34.79,33.58,,,,0,12,6
2008-12-10 00:00:00,,,,34.24,34.49,33.18,,,,0,12,6
2008-12-11 00:00:00,,,,33.41,36.79,33.38,,,,0,12,6
2008-12-12 00:00:00,,,,34.86,36.67,34.54,,,,,,
2008-12-15 00:00:00,,,,36.58,36.88,35.48,,,,0,12,6
2008-12-16 00:00:00,,,,36.7,38.56,36.5,,,,,,
2008-12-17 00:00:00,,,,38.21,38.51,37.23,,,,0,12,6
2008-12-18 00:00:00,,,,37.95,38.31,37.29,,,,,,
2008-12-19 00:00:00,,,,38.36,38.97,37.64,,,,,,
2008-12-22 00:00:00,,,,37.75,38.01,36.6,,,,,,
2008-12-23 00:00:00,,,,37.31,37.68,36.97,,,,,,
2008-12-24 00:00:00,,,,37.41,37.57,36.93,,,,,,
2008-12-26 00:00:00,,,,37.46,37.48,36.95,,,,,,
2008-12-29 00:00:00,,,,37.2,37.46,36.59,,,,,,
2008-12-30 00:00:00,,,,37.49,38.53,37.31,,,,0,11,6
2008-12-31 00:00:00,,,,38.39,38.91,38.2,,,,0,10,6
2009-01-02 00:00:00,,,,39.08,39.17,38.42,,,,,,
2009-01-05 00:00:00,,,,39.1,40.08,38.67,,,,0,10,6
2009-01-06 00:00:00,,,,39.96,40.66,39.16,,,,0,11,6
2009-01-07 00:00:00,,,,39.14,41.11,39.02,,,,,,
2009-01-08 00:00:00,,,,39.5,40.89,38.8,,,,0,11,6
2009-01-09 00:00:00,,,,40.82,40.89,39.55,,,,,,
2009-01-12 00:00:00,,,,40.05,40.05,38.6,,,,0,11,6
2009-01-13 00:00:00,,,,39.75,42.33,39.52,,,,,,
2009-01-14 00:00:00,,,,41.47,42.25,40.69,,,,,,
2009-01-15 00:00:00,,,,41.19,41.31,39.49,,,,0,11,6
2009-01-16 00:00:00,,,,41.33,41.65,40.65,,,,0,11,7
2009-01-20 00:00:00,,,,41.19,42.32,40.1,,,,0,11,7
2009-01-21 00:00:00,,,,40.59,40.59,39.42,,,,,,
2009-01-22 00:00:00,,,,39.24,40.17,39.2,,,,0,11,7
2009-01-23 00:00:00,,,,39.19,40.24,38.76,,,,0,11,7
2009-01-26 00:00:00,,,,39.68,40.64,39.51,,,,0,11,7
2009-01-27 00:00:00,,,,44,46.08,43.5,,,,0,11,7
2009-01-28 00:00:00,,,,45.45,45.71,44.57,,,,,,
2009-01-29 00:00:00,,,,44.9,45.32,44.63,,,,,,
2009-01-30 00:00:00,,,,44.72,45,43.78,,,,,,
2009-02-02 00:00:00,,,,43.93,45.38,43.75,,,,0,11,7
2009-02-03 00:00:00,,,,45.26,45.26,43.85,,,,,,
2009-02-04 00:00:00,,,,45.16,46.22,44.8,,,,0,11,6
2009-02-05 00:00:00,,,,45.11,46.46,45.01,,,,,,
2009-02-06 00:00:00,,,,45.26,46.49,45.23,,,,,,
2009-02-09 00:00:00,,,,45.41,45.63,44.58,,,,,,
2009-02-10 00:00:00,,,,44.69,46.08,44.5,,,,,,
2009-02-11 00:00:00,,,,45.22,45.64,44.78,,,,,,
2009-02-12 00:00:00,,,,44.75,45.87,44.47,,,,,,
2009-02-13 00:00:00,,,,45.96,46.14,45.33,,,,0,11,6
2009-02-17 00:00:00,,,,45.13,45.15,44.3,,,,,,
2009-02-18 00:00:00,,,,45.06,45.17,44.03,,,,,,
2009-02-19 00:00:00,,,,44.98,45.46,44.79,,,,,,
2009-02-20 00:00:00,,,,44.71,45.22,44.24,,,,,,
2009-02-23 00:00:00,,,,45.33,45.33,43.54,,,,,,
2009-02-24 00:00:00,,,,43.7,45.12,43.6,,,,,,
2009-02-25 00:00:00,,,,44.81,44.97,43.53,,,,,,
2009-02-26 00:00:00,,,,44.13,44.21,40.78,,,,,,
2009-02-27 00:00:00,,,,40.59,41.92,40.32,,,,,,
2009-03-02 00:00:00,,,,40.32,41.3,39.65,,,,,,
2009-03-03 00:00:00,,,,40.04,40.92,39.26,,,,,,
2009-03-04 00:00:00,,,,39.58,41.18,39.06,,,,,,
2009-03-05 00:00:00,,,,39.19,40.36,39.19,,,,0,10,6
2009-03-06 00:00:00,,,,39.64,40.43,38.46,,,,,,
2009-03-09 00:00:00,,,,39,39.3,38.35,,,,,,
2009-03-10 00:00:00,,,,39.09,41.94,38.7,,,,,,
2009-03-11 00:00:00,,,,41.79,41.9,34.43,,,,0,10,6
2009-03-12 00:00:00,,,,35.3,36.03,33.39,,,,0,10,6
2009-03-13 00:00:00,,,,35.57,36.31,34.87,,,,0,10,6
2009-03-16 00:00:00,,,,36.29,36.6,35.1,,,,0,10,6
2009-03-17 00:00:00,,,,36,36.02,34.72,,,,0,11,5
2009-03-18 00:00:00,,,,35.66,36.76,35.24,,,,0,11,5
2009-03-19 00:00:00,,,,36,36.37,35.76,,,,0,11,5
2009-03-20 00:00:00,,,,35.79,36.07,34.96,,,,0,11,5
2009-03-23 00:00:00,,,,35.78,36.28,35.07,,,,,,
2009-03-24 00:00:00,,,,36.1,36.73,36,,,,,,
2009-03-25 00:00:00,,,,36.21,37,35.82,,,,,,
2009-03-26 00:00:00,,,,37.13,37.25,36.16,,,,,,
2009-03-27 00:00:00,,,,36.19,36.69,35.91,,,,,,
2009-03-30 00:00:00,,,,36.14,36.23,35.42,,,,0,11,5
2009-03-31 00:00:00,,,,35.62,35.91,34.51,,,,0,11,6
2009-04-01 00:00:00,,,,34.4,34.82,33.69,,,,0,10,7
2009-04-02 00:00:00,,,,35.55,35.69,35.07,,,,,,
2009-04-03 00:00:00,,,,35.49,35.49,33.4,,,,,,
2009-04-06 00:00:00,,,,34,34.35,33.63,,,,,,
2009-04-07 00:00:00,,,,33.72,34.2,33.13,,,,,,
2009-04-08 00:00:00,,,,34.33,34.54,33.76,,,,0,10,7
2009-04-09 00:00:00,,,,34.69,35.44,34.23,,,,0,10,7
2009-04-13 00:00:00,,,,34.94,35.37,34.64,,,,0,10,7
2009-04-14 00:00:00,,,,34.6,35.85,34.6,,,,0,10,7
2009-04-15 00:00:00,,,,35.44,36.05,35.07,,,,,,
2009-04-16 00:00:00,,,,36.24,36.61,36.06,,,,,,
2009-04-17 00:00:00,,,,36.7,36.94,35.76,,,,0,10,7
2009-04-20 00:00:00,,,,36.09,36.57,35.58,,,,0,10,7
2009-04-21 00:00:00,,,,35.56,35.94,35.06,,,,0,10,7
2009-04-22 00:00:00,,,,35.12,36.2,35.1,,,,0,10,7
2009-04-23 00:00:00,,,,36.01,36.24,34.87,,,,,,
2009-04-24 00:00:00,,,,35.58,36,35.26,,,,,,
2009-04-27 00:00:00,,,,35.9,37.17,35.9,,,,,,
2009-04-28 00:00:00,,,,36.84,37.35,36.37,,,,,,
2009-04-29 00:00:00,,,,36.5,38.23,35.93,,,,,,
2009-04-30 00:00:00,,,,38.29,38.4,36.7,,,,0,10,7
2009-05-01 00:00:00,,,,36.97,38.04,36.79,,,,0,10,7
2009-05-04 00:00:00,,,,38.42,39.11,37.88,,,,0,10,7
2009-05-05 00:00:00,,,,38.5,40.75,38.01,,,,0,10,7
2009-05-06 00:00:00,,,,38.31,38.67,37.52,,,,,,
2009-05-07 00:00:00,,,,37.77,40.14,37.58,,,,,,
2009-05-08 00:00:00,,,,40.04,41.57,39.87,,,,,,
2009-05-11 00:00:00,,,,40.81,41.01,40.38,,,,,,
2009-05-12 00:00:00,,,,41.46,41.46,40.21,,,,0,10,7
2009-05-13 00:00:00,,,,40,40.77,39.91,,,,0,10,7
2009-05-14 00:00:00,,,,39.58,40.29,39.4,,,,0,10,7
2009-05-15 00:00:00,,,,39.24,39.47,38.33,,,,,,
2009-05-18 00:00:00,,,,38.64,39.43,38.27,,,,,,
2009-05-19 00:00:00,,,,39.16,39.5,38.85,,,,,,
2009-05-20 00:00:00,,,,39.2,40.94,39.1,,,,,,
2009-05-21 00:00:00,,,,40.65,40.74,39.72,,,,,,
2009-05-22 00:00:00,,,,40.31,41.13,40.04,,,,,,
2009-05-26 00:00:00,,,,40.53,40.93,39.38,,,,,,
2009-05-27 00:00:00,,,,40.6,41,40.27,,,,,,
2009-05-28 00:00:00,,,,40.79,40.92,40.03,,,,0,10,7
2009-05-29 00:00:00,,,,40.69,41.27,40.41,,,,,,
2009-06-01 00:00:00,,,,41.5,41.96,41.1,,,,,,
2009-06-02 00:00:00,,,,41.9,41.9,40.65,,,,,,
2009-06-03 00:00:00,,,,40.32,40.81,39.73,,,,,,
2009-06-04 00:00:00,,,,40.45,40.82,39.71,,,,,,
2009-06-05 00:00:00,,,,40.86,41.82,40.47,,,,,,
2009-06-08 00:00:00,,,,41.08,41.83,40.72,,,,0,10,7
2009-06-09 00:00:00,,,,41.3,41.52,40.71,,,,,,
2009-06-10 00:00:00,,,,41.83,42.46,41.5,,,,0,10,7
2009-06-11 00:00:00,,,,42.34,43.56,42.34,,,,,,
2009-06-12 00:00:00,,,,42.77,43.15,42.25,,,,,,
2009-06-15 00:00:00,,,,42.39,42.42,41.46,,,,0,10,7
2009-06-16 00:00:00,,,,41.46,42.48,41.27,,,,,,
2009-06-17 00:00:00,,,,41.96,43.44,41.62,,,,0,10,7
2009-06-18 00:00:00,,,,43.09,44.17,42.76,,,,,,
2009-06-19 00:00:00,,,,44.62,45,44.25,,,,,,
2009-06-22 00:00:00,,,,44.17,44.19,43.38,,,,,,
2009-06-23 00:00:00,,,,43.41,43.59,42.94,,,,0,9,7
2009-06-24 00:00:00,,,,43.59,44,43.11,,,,,,
2009-06-25 00:00:00,,,,43.64,45.27,43.64,,,,0,10,7
2009-06-26 00:00:00,,,,44.76,44.93,44.14,,,,,,
2009-06-29 00:00:00,,,,44.93,44.93,43.91,,,,,,
2009-06-30 00:00:00,,,,44.32,44.71,43.7,,,,,,
2009-07-01 00:00:00,,,,44.11,44.24,43.7,,,,0,11,7
2009-07-02 00:00:00,,,,43.73,43.73,42.61,,,,,,
2009-07-06 00:00:00,,,,43.21,43.83,42.8,,,,0,11,7
2009-07-07 00:00:00,,,,44,44.98,43.87,,,,0,12,6
2009-07-08 00:00:00,,,,44.66,44.75,43.29,,,,,,
2009-07-09 00:00:00,,,,44.14,44.2,43.39,,,,0,12,6
2009-07-10 00:00:00,,,,43.43,44.15,43.02,,,,,,
2009-07-13 00:00:00,,,,43.25,44.36,43.17,,,,,,
2009-07-14 00:00:00,,,,43.78,43.96,43.58,,,,,,
2009-07-15 00:00:00,,,,44,44.37,43.71,,,,0,12,6
2009-07-16 00:00:00,,,,44.48,45.15,44.19,,,,,,
2009-07-17 00:00:00,,,,44.91,45.71,44.71,,,,,,
2009-07-20 00:00:00,,,,45.75,45.81,45.02,,,,0,12,6
2009-07-21 00:00:00,,,,45.82,46.12,45.54,,,,,,
2009-07-22 00:00:00,,,,45.84,46.1,45.45,,,,0,12,6
2009-07-23 00:00:00,,,,45.66,46.42,45.4,,,,0,12,6
2009-07-24 00:00:00,,,,46.14,46.74,45.7,,,,,,
2009-07-27 00:00:00,,,,46.71,46.96,45.96,,,,0,12,6
2009-07-28 00:00:00,,,,46.51,47.13,46,,,,0,12,6
2009-07-29 00:00:00,,,,50.64,52.17,50.29,,,,0,13,5
2009-07-30 00:00:00,,,,51,51.56,50.78,,,,,,
2009-07-31 00:00:00,,,,50.6,51.79,50.6,,,,,,
2009-08-03 00:00:00,,,,51.15,52.97,50.8,,,,,,
2009-08-04 00:00:00,,,,53,54.46,52.52,,,,,,
2009-08-05 00:00:00,,,,54.29,54.32,52.65,,,,,,
2009-08-06 00:00:00,,,,53.06,53.14,52.18,,,,,,
2009-08-07 00:00:00,,,,52.8,53.38,52.6,,,,,,
2009-08-10 00:00:00,,,,53.1,54.38,52.96,,,,0,13,5
2009-08-11 00:00:00,,,,54.43,54.45,53.71,,,,,,
2009-08-12 00:00:00,,,,53.75,54.73,53.57,,,,,,
2009-08-13 00:00:00,,,,54.3,55.61,53.94,,,,,,
2009-08-14 00:00:00,,,,55.44,55.74,54.15,,,,0,13,5
2009-08-17 00:00:00,,,,54.64,54.72,54.04,,,,0,13,5
2009-08-18 00:00:00,,,,54.41,54.88,54,,,,,,
2009-08-19 00:00:00,,,,54.38,55.34,54.34,,,,,,
2009-08-20 00:00:00,,,,55.13,55.57,54.96,,,,,,
2009-08-21 00:00:00,,,,56,56.36,55.58,,,,,,
2009-08-24 00:00:00,,,,56.1,56.67,56.04,,,,0,13,5
2009-08-25 00:00:00,,,,56.74,57.05,56.37,,,,,,
2009-08-26 00:00:00,,,,56.07,57.18,56.05,,,,0,13,5
2009-08-27 00:00:00,,,,56.42,57.2,56.17,,,,0,13,5
2009-08-28 00:00:00,,,,57.06,57.37,55.85,,,,,,
2009-08-31 00:00:00,,,,55.99,56.95,55.96,,,,0,13,5
2009-09-01 00:00:00,,,,56.57,57.43,55.58,,,,,,
2009-09-02 00:00:00,,,,55.48,56.23,55.48,,,,,,
2009-09-03 00:00:00,,,,55.6,55.72,54.6,,,,,,
2009-09-04 00:00:00,,,,55.63,56.19,55.37,,,,0,13,5
2009-09-08 00:00:00,,,,56.3,56.3,55.4,,,,0,13,5
2009-09-09 00:00:00,,,,55.82,57.8,55.8,,,,,,
2009-09-10 00:00:00,,,,56.97,57.25,56.66,,,,,,
2009-09-11 00:00:00,,,,57.07,58.1,56.92,,,,,,
2009-09-14 00:00:00,,,,57.76,58.33,57.3,,,,0,13,5
2009-09-15 00:00:00,,,,58.43,58.83,57.19,,,,0,13,5
2009-09-16 00:00:00,,,,57.74,57.85,56.98,,,,0,13,5
2009-09-17 00:00:00,,,,57.76,58.39,57.51,,,,,,
2009-09-18 00:00:00,,,,58.15,58.59,57.7,,,,0,13,5
2009-09-21 00:00:00,,,,58.45,59.69,58.27,,,,0,13,5
2009-09-22 00:00:00,,,,59.33,59.38,58.11,,,,,,
2009-09-23 00:00:00,,,,58.52,58.95,58.01,,,,0,13,5
2009-09-24 00:00:00,,,,58.18,58.59,57.59,,,,,,
2009-09-25 00:00:00,,,,57.83,58.51,57.62,,,,,,
2009-09-28 00:00:00,,,,58.09,59.73,57.82,,,,0,13,5
2009-09-29 00:00:00,,,,59.3,59.67,58.55,,,,0,13,5
2009-09-30 00:00:00,,,,58.93,59.95,58.77,,,,0,13,5
2009-10-01 00:00:00,,,,59.61,59.86,58.32,,,,,,
2009-10-02 00:00:00,,,,58.2,58.5,57.54,,,,,,
2009-10-05 00:00:00,,,,57.84,57.84,57.36,,,,0,13,5
2009-10-06 00:00:00,,,,57.74,58.71,57.48,,,,,,
2009-10-07 00:00:00,,,,58.29,59.47,58.11,,,,,,
2009-10-08 00:00:00,,,,59.8,59.99,59.5,,,,0,13,5
2009-10-09 00:00:00,,,,59.66,60.85,59.61,,,,,,
2009-10-12 00:00:00,,,,60.58,61.34,60.58,,,,0,13,5
2009-10-13 00:00:00,,,,60.78,60.97,60.24,,,,0,13,5
2009-10-14 00:00:00,,,,60.91,61.77,60.81,,,,,,
2009-10-15 00:00:00,,,,61.26,61.95,61.07,,,,0,13,5
2009-10-16 00:00:00,,,,60.96,61.29,60.38,,,,0,13,5
2009-10-19 00:00:00,,,,61.17,61.48,60.62,,,,0,13,5
2009-10-20 00:00:00,,,,60.9,62.33,60.53,,,,,,
2009-10-21 00:00:00,,,,61.83,61.9,60.76,,,,,,
2009-10-22 00:00:00,,,,60.85,61.21,60.46,,,,0,13,5
2009-10-23 00:00:00,,,,61.11,61.27,60.07,,,,0,13,5
2009-10-26 00:00:00,,,,60.3,61.75,60.3,,,,0,13,5
2009-10-27 00:00:00,,,,60.57,60.68,59.44,,,,0,13,5
2009-10-28 00:00:00,,,,60.1,60.41,55.82,,,,0,13,5
2009-10-29 00:00:00,,,,58.3,59.07,58.28,,,,,,
2009-10-30 00:00:00,,,,58.86,59.41,58.47,,,,,,
2009-11-02 00:00:00,,,,59.07,59.54,58.77,,,,0,13,5
2009-11-03 00:00:00,,,,59.5,60.45,59.46,,,,,,
2009-11-04 00:00:00,,,,60.5,61.34,60.2,,,,,,
2009-11-05 00:00:00,,,,61.13,62.06,60.93,,,,,,
2009-11-06 00:00:00,,,,60.66,62.61,60.66,,,,,,
2009-11-09 00:00:00,,,,62.95,64,62.71,,,,0,13,5
2009-11-10 00:00:00,,,,64,64.5,63.78,,,,,,
2009-11-11 00:00:00,,,,64.23,64.44,63.5,,,,,,
2009-11-12 00:00:00,,,,63.97,64.56,63.69,,,,0,13,5
2009-11-13 00:00:00,,,,63.97,64.5,63.63,,,,,,
2009-11-16 00:00:00,,,,64.12,64.98,63.95,,,,0,13,5
2009-11-17 00:00:00,,,,64.01,64.13,63.64,,,,,,
2009-11-18 00:00:00,,,,63.59,63.9,63.15,,,,0,13,5
2009-11-19 00:00:00,,,,63.72,63.83,62.54,,,,0,14,5
2009-11-20 00:00:00,,,,63.27,63.6,62.99,,,,0,14,5
2009-11-23 00:00:00,,,,63.49,63.88,62.84,,,,0,14,5
2009-11-24 00:00:00,,,,63.23,63.81,62.92,,,,,,
2009-11-25 00:00:00,,,,64,64,63.46,,,,,,
2009-11-27 00:00:00,,,,62.34,63.19,61.88,,,,,,
2009-11-30 00:00:00,,,,62.63,62.66,61.98,,,,0,14,5
2009-12-01 00:00:00,,,,62.28,62.82,62.13,,,,,,
2009-12-02 00:00:00,,,,62.09,62.8,61.95,,,,0,14,5
2009-12-03 00:00:00,,,,62,62.29,60.9,,,,,,
2009-12-04 00:00:00,,,,61.32,61.91,60.53,,,,0,14,5
2009-12-07 00:00:00,,,,61.16,61.85,60.78,,,,0,14,5
2009-12-08 00:00:00,,,,61.06,61.46,60.7,,,,,,
2009-12-09 00:00:00,,,,61.1,61.17,60.23,,,,,,
2009-12-10 00:00:00,,,,61.22,62.59,61.21,,,,,,
2009-12-11 00:00:00,,,,62.62,62.77,61.99,,,,,,
2009-12-14 00:00:00,,,,62.72,63.28,62.58,,,,0,14,5
2009-12-15 00:00:00,,,,63.03,64.11,62.73,,,,,,
2009-12-16 00:00:00,,,,64.06,64.08,63.34,,,,0,14,5
2009-12-17 00:00:00,,,,63.4,63.79,62.85,,,,0,14,5
2009-12-18 00:00:00,,,,63.78,63.93,62.97,,,,,,
2009-12-21 00:00:00,,,,63.88,64.5,63.51,,,,0,14,5
2009-12-22 00:00:00,,,,63.67,64,62.88,,,,,,
2009-12-23 00:00:00,,,,62.98,63.5,62.76,,,,,,
2009-12-24 00:00:00,,,,62.94,63.04,62.56,,,,,,
2009-12-28 00:00:00,,,,63.11,63.49,62.87,,,,0,14,5
2009-12-29 00:00:00,,,,63.68,63.96,63.46,,,,0,14,5
2009-12-30 00:00:00,,,,63.96,63.96,63.03,,,,0,14,5
2009-12-31 00:00:00,,,,63.22,63.42,62.48,,,,,,
2010-01-04 00:00:00,,,,62.62,63.48,62.51,,,,0,14,5
2010-01-05 00:00:00,,,,63.46,63.63,63.24,,,,,,
2010-01-06 00:00:00,,,,62.32,62.45,60.77,,,,0,13,6
2010-01-07 00:00:00,,,,62,62,60.4,,,,0,14,6
2010-01-08 00:00:00,,,,61.2,61.38,60.25,,,,0,14,6
2010-01-11 00:00:00,,,,60.74,61.58,60.74,,,,0,14,6
2010-01-12 00:00:00,,,,61.46,62.45,60.95,,,,,,
2010-01-13 00:00:00,,,,62.25,62.89,61.93,,,,,,
2010-01-14 00:00:00,,,,62.54,62.63,61.94,,,,,,
2010-01-15 00:00:00,,,,61.98,62.15,61.47,,,,0,14,6
2010-01-19 00:00:00,,,,62,63.45,61.84,,,,0,14,6
2010-01-20 00:00:00,,,,62.84,63.47,62.06,,,,0,14,6
2010-01-21 00:00:00,,,,62.65,62.73,60.93,,,,0,14,6
2010-01-22 00:00:00,,,,60.98,61.49,60.54,,,,0,14,6
2010-01-25 00:00:00,,,,60.8,61.57,60.39,,,,0,14,6
2010-01-26 00:00:00,,,,61.55,62.62,60.91,,,,0,13,7
2010-01-27 00:00:00,,,,61.21,61.39,58.3,,,,0,13,7
2010-01-28 00:00:00,,,,59.97,61.25,59.92,,,,,,
2010-01-29 00:00:00,,,,60.23,60.61,58.71,,,,0,13,7
2010-02-01 00:00:00,,,,58.81,59.8,58.19,,,,0,13,7
2010-02-02 00:00:00,,,,59.49,60.47,59.34,,,,,,
2010-02-03 00:00:00,,,,60.08,60.29,59.94,,,,0,13,7
2010-02-04 00:00:00,,,,59.6,60.06,58.49,,,,,,
2010-02-05 00:00:00,,,,58.37,58.46,57.23,,,,,,
2010-02-08 00:00:00,,,,58.28,58.7,57.56,,,,0,13,7
2010-02-09 00:00:00,,,,58.52,59.24,58.38,,,,,,
2010-02-10 00:00:00,,,,58.59,58.93,57.8,,,,,,
2010-02-11 00:00:00,,,,58.62,59.29,58.07,,,,0,13,7
2010-02-12 00:00:00,,,,58.61,59.04,58.01,,,,,,
2010-02-16 00:00:00,,,,59.62,59.99,59.05,,,,0,13,7
2010-02-17 00:00:00,,,,60,60.5,59.3,,,,0,13,7
2010-02-18 00:00:00,,,,60.4,60.72,60.09,,,,,,
2010-02-19 00:00:00,,,,60.3,60.84,59.95,,,,,,
2010-02-22 00:00:00,,,,60.6,60.69,59.85,,,,0,13,7
2010-02-23 00:00:00,,,,58.94,59.23,58.14,,,,,,
2010-02-24 00:00:00,,,,58.55,59.34,58.29,,,,,,
2010-02-25 00:00:00,,,,58.56,59.21,58.31,,,,,,
2010-02-26 00:00:00,,,,59.3,59.56,59.01,,,,,,
2010-03-01 00:00:00,,,,59.49,60.59,59.38,,,,0,13,7
2010-03-02 00:00:00,,,,60.7,61.95,60.7,,,,0,13,7
2010-03-03 00:00:00,,,,61.76,61.82,60.57,,,,0,13,7
2010-03-04 00:00:00,,,,60.91,61.39,60.83,,,,0,13,7
2010-03-05 00:00:00,,,,61.49,62.08,61.44,,,,0,13,7
2010-03-08 00:00:00,,,,61.99,61.99,60.99,,,,0,13,7
2010-03-09 00:00:00,,,,60.61,61.14,60.25,,,,,,
2010-03-10 00:00:00,,,,60.26,60.87,60.08,,,,,,
2010-03-11 00:00:00,,,,60.45,60.55,59.63,,,,0,13,7
2010-03-12 00:00:00,,,,60.92,61.64,60.75,,,,,,
2010-03-15 00:00:00,,,,61.04,61.2,60.55,,,,0,13,7
2010-03-16 00:00:00,,,,60.75,61.46,60.63,,,,,,
2010-03-17 00:00:00,,,,61.34,62.96,61.29,,,,,,
2010-03-18 00:00:00,,,,62.64,63.39,62.29,,,,0,13,7
2010-03-19 00:00:00,,,,64.01,64.25,63.07,,,,0,14,6
2010-03-22 00:00:00,,,,63.96,65.65,63.77,,,,0,14,6
2010-03-23 00:00:00,,,,64.49,64.97,63.95,,,,,,
2010-03-24 00:00:00,,,,64.97,64.99,63.87,,,,0,14,6
2010-03-25 00:00:00,,,,64.5,64.69,63.98,,,,,,
2010-03-26 00:00:00,,,,64.5,64.5,63.33,,,,0,14,6
2010-03-29 00:00:00,,,,63.6,65.4,63.52,,,,0,14,6
2010-03-30 00:00:00,,,,65.09,66.97,64.86,,,,,,
2010-03-31 00:00:00,,,,66.28,66.36,65.4,,,,0,14,6
2010-04-01 00:00:00,,,,65.9,66.36,65.78,,,,0,14,6
2010-04-05 00:00:00,,,,66.62,66.95,66.25,,,,0,14,6
2010-04-06 00:00:00,,,,66.14,66.71,66.13,,,,,,
2010-04-07 00:00:00,,,,66.54,66.61,65.88,,,,0,14,6
2010-04-08 00:00:00,,,,66.27,66.62,65.83,,,,0,14,6
2010-04-09 00:00:00,,,,66.49,66.9,66.1,,,,,,
2010-04-12 00:00:00,,,,66.55,66.56,65.29,,,,0,14,6
2010-04-13 00:00:00,,,,65.47,65.56,64.46,,,,0,14,6
2010-04-14 00:00:00,,,,65.2,65.29,64.53,,,,0,14,6
2010-04-15 00:00:00,,,,64.7,64.97,64.54,,,,0,14,6
2010-04-16 00:00:00,,,,64.62,64.87,63.78,,,,0,14,6
2010-04-19 00:00:00,,,,64.15,64.58,63.81,,,,0,14,6
2010-04-20 00:00:00,,,,64.88,66.14,64.62,,,,,,
2010-04-21 00:00:00,,,,66.23,66.24,65.13,,,,0,14,6
2010-04-22 00:00:00,,,,65.61,66.91,65.33,,,,0,14,6
2010-04-23 00:00:00,,,,66.76,68.03,66.33,,,,,,
2010-04-26 00:00:00,,,,67.94,68.19,66.94,,,,0,14,6
2010-04-27 00:00:00,,,,66.71,67.09,65.89,,,,0,14,6
2010-04-28 00:00:00,,,,66.11,66.62,65.72,,,,,,
2010-04-29 00:00:00,,,,66.5,67.3,66.37,,,,0,14,6
2010-04-30 00:00:00,,,,66.61,66.92,64.79,,,,0,14,6
2010-05-03 00:00:00,,,,64.97,65.11,64.06,,,,0,14,6
2010-05-04 00:00:00,,,,67.75,68.17,66.25,,,,0,14,6
2010-05-05 00:00:00,,,,67.42,67.86,66.59,,,,,,
2010-05-06 00:00:00,,,,67.17,67.7,62.94,,,,,,
2010-05-07 00:00:00,,,,65.72,65.72,63.09,,,,0,14,6
2010-05-10 00:00:00,,,,66.35,66.94,65.37,,,,0,14,6
2010-05-11 00:00:00,,,,66.05,66.89,65.72,,,,0,14,6
2010-05-12 00:00:00,,,,67.27,69.1,66.62,,,,0,15,5
2010-05-13 00:00:00,,,,68.73,69.96,68.41,,,,,,
2010-05-14 00:00:00,,,,68.7,68.95,66.69,,,,,,
2010-05-17 00:00:00,,,,68.21,68.84,67.06,,,,0,15,5
2010-05-18 00:00:00,,,,69.4,71.1,69.29,,,,0,15,5
2010-05-19 00:00:00,,,,68.96,70.24,68.37,,,,0,15,5
2010-05-20 00:00:00,,,,68.36,68.98,67.64,,,,0,15,5
2010-05-21 00:00:00,,,,66.26,68.38,66.26,,,,0,15,5
2010-05-24 00:00:00,,,,67.5,69.28,67.22,,,,0,15,5
2010-05-25 00:00:00,,,,66.54,67.97,66.33,,,,,,
2010-05-26 00:00:00,,,,67.84,69.47,67.73,,,,,,
2010-05-27 00:00:00,,,,68.76,70.08,68.62,,,,0,15,5
2010-05-28 00:00:00,,,,69.84,70.87,69.68,,,,0,15,5
2010-06-01 00:00:00,,,,69.33,70.21,68.66,,,,0,15,5
2010-06-02 00:00:00,,,,68.85,70.25,68.83,,,,,,
2010-06-03 00:00:00,,,,70.62,71.48,70.6,,,,0,15,5
2010-06-04 00:00:00,,,,70.04,70.16,68.24,,,,0,15,5
2010-06-07 00:00:00,,,,68.58,69.66,68.38,,,,,,
2010-06-08 00:00:00,,,,68.59,68.78,67.51,,,,,,
2010-06-09 00:00:00,,,,68.42,69.74,68.29,,,,,,
2010-06-10 00:00:00,,,,69.26,69.89,68.99,,,,0,15,5
2010-06-11 00:00:00,,,,69.01,69.77,68.54,,,,,,
2010-06-14 00:00:00,,,,69.67,70.43,69.45,,,,0,15,5
2010-06-15 00:00:00,,,,70.06,70.66,70.01,,,,0,15,5
2010-06-16 00:00:00,,,,70.02,70.88,70.01,,,,0,15,5
2010-06-17 00:00:00,,,,71,71.13,70.46,,,,0,15,5
2010-06-18 00:00:00,,,,71,71,70,,,,0,15,5
2010-06-21 00:00:00,,,,70.9,71.13,69.53,,,,0,15,5
2010-06-22 00:00:00,,,,69.8,70.13,68.33,,,,,,
2010-06-23 00:00:00,,,,68.27,68.85,67.82,,,,,,
2010-06-24 00:00:00,,,,68.13,68.38,67.21,,,,0,15,5
2010-06-25 00:00:00,,,,67.61,68.48,66.99,,,,0,15,5
2010-06-28 00:00:00,,,,68,68.78,67.58,,,,0,15,5
2010-06-29 00:00:00,,,,67.85,68.02,67.04,,,,0,15,5
2010-06-30 00:00:00,,,,67.21,68.49,66.97,,,,,,
2010-07-01 00:00:00,,,,66.92,67.06,65.13,,,,0,15,5
2010-07-02 00:00:00,,,,66.91,67.67,66.67,,,,0,15,5
2010-07-06 00:00:00,,,,67.68,68.31,67.09,,,,0,15,5
2010-07-07 00:00:00,,,,67.59,68.15,67.01,,,,,,
2010-07-08 00:00:00,,,,68.36,68.36,67.36,,,,,,
2010-07-09 00:00:00,,,,68.23,68.23,67.04,,,,0,15,4
2010-07-12 00:00:00,,,,67.29,67.37,66.82,,,,0,15,5
2010-07-13 00:00:00,,,,67.47,67.91,67.06,,,,0,15,5
2010-07-14 00:00:00,,,,67.01,69.11,67.01,,,,,,
2010-07-15 00:00:00,,,,68.47,69.48,68.23,,,,0,15,5
2010-07-16 00:00:00,,,,69.13,69.27,67.86,,,,0,15,5
2010-07-19 00:00:00,,,,68,68.14,66.95,,,,0,15,5
2010-07-20 00:00:00,,,,66.58,67.46,66.34,,,,0,15,5
2010-07-21 00:00:00,,,,67.45,67.67,66.22,,,,,,
2010-07-22 00:00:00,,,,67.1,67.6,64.26,,,,,,
2010-07-23 00:00:00,,,,64.72,66.7,64.65,,,,0,15,5
2010-07-26 00:00:00,,,,65.68,66.46,65.68,,,,0,15,5
2010-07-27 00:00:00,,,,65.93,66.11,63.85,,,,0,15,5
2010-07-28 00:00:00,,,,65.26,65.71,63.28,,,,0,15,5
2010-07-29 00:00:00,,,,64.66,65.06,63.31,,,,0,15,5
2010-07-30 00:00:00,,,,62.5,63.07,59.64,,,,0,15,5
2010-08-02 00:00:00,,,,63.39,63.61,62.72,,,,0,15,5
2010-08-03 00:00:00,,,,62.41,62.91,62.02,,,,,,
2010-08-04 00:00:00,,,,62.49,63.02,61.59,,,,,,
2010-08-05 00:00:00,,,,62.33,62.84,61.74,,,,,,
2010-08-06 00:00:00,,,,62.16,63.03,61.67,,,,,,
2010-08-09 00:00:00,,,,63.02,63.02,62.15,,,,0,15,5
2010-08-10 00:00:00,,,,62,62.19,61.49,,,,0,15,5
2010-08-11 00:00:00,,,,61.05,61.05,60.29,,,,,,
2010-08-12 00:00:00,,,,60,61.12,59.82,,,,0,15,5
2010-08-13 00:00:00,,,,60.51,61.3,60.12,,,,,,
2010-08-16 00:00:00,,,,60.44,61.46,60.28,,,,0,15,5
2010-08-17 00:00:00,,,,61.1,61.9,60.89,,,,0,15,5
2010-08-18 00:00:00,,,,61.64,62.9,61.51,,,,0,15,5
2010-08-19 00:00:00,,,,62.08,62.11,60.91,,,,,,
2010-08-20 00:00:00,,,,61.21,61.87,60.94,,,,0,15,5
2010-08-23 00:00:00,,,,61.9,62.37,61.25,,,,0,15,5
2010-08-24 00:00:00,,,,61.01,61.08,60.05,,,,,,
2010-08-25 00:00:00,,,,60.2,60.73,59.81,,,,,,
2010-08-26 00:00:00,,,,60.56,60.98,59.68,,,,0,15,5
2010-08-27 00:00:00,,,,60,60.53,59.33,,,,0,15,5
2010-08-30 00:00:00,,,,60.12,60.41,59.05,,,,0,15,5
2010-08-31 00:00:00,,,,58.77,59,57.81,,,,,,
2010-09-01 00:00:00,,,,58.78,59.55,58.46,,,,0,15,5
2010-09-02 00:00:00,,,,59.13,59.69,58.61,,,,,,
2010-09-03 00:00:00,,,,59.59,60.03,59.44,,,,0,15,5
2010-09-07 00:00:00,,,,59.76,59.8,58.87,,,,0,15,5
2010-09-08 00:00:00,,,,58.99,59.41,58.43,,,,0,15,5
2010-09-09 00:00:00,,,,59.12,59.73,58.87,,,,,,
2010-09-10 00:00:00,,,,59.86,59.86,59.22,,,,0,15,5
2010-09-13 00:00:00,,,,59.56,59.75,58.69,,,,0,15,5
2010-09-14 00:00:00,,,,58.61,60.07,58.41,,,,,,
2010-09-15 00:00:00,,,,59.93,63.64,59.89,,,,0,15,5
2010-09-16 00:00:00,,,,62.87,62.87,61.96,,,,0,15,5
2010-09-17 00:00:00,,,,62.8,63.19,62.2,,,,0,15,5
2010-09-20 00:00:00,,,,62.38,63.15,62.25,,,,0,15,5
2010-09-21 00:00:00,,,,63.02,63.42,62.74,,,,,,
2010-09-22 00:00:00,,,,62.61,62.9,62.13,,,,,,
2010-09-23 00:00:00,,,,62,62.03,58.08,,,,0,15,5
2010-09-24 00:00:00,,,,61.27,62.39,61.25,,,,0,15,5
2010-09-27 00:00:00,,,,61.67,62.13,60.63,,,,0,15,5
2010-09-28 00:00:00,,,,61.78,62.53,61.11,,,,,,
2010-09-29 00:00:00,,,,62.27,63.57,61.77,,,,0,15,5
2010-09-30 00:00:00,,,,62.27,62.75,61.53,,,,0,15,5
2010-10-01 00:00:00,,,,62.05,62.05,60.18,,,,0,15,5
2010-10-04 00:00:00,,,,60.43,60.78,59.55,,,,0,15,5
2010-10-05 00:00:00,,,,60.46,61.66,60.24,,,,,,
2010-10-06 00:00:00,,,,60.91,61.04,60.07,,,,,,
2010-10-07 00:00:00,,,,60.3,60.84,60.16,,,,0,15,5
2010-10-08 00:00:00,,,,60.59,61.13,60.23,,,,0,15,5
2010-10-11 00:00:00,,,,60.46,61.08,60.46,,,,0,15,5
2010-10-12 00:00:00,,,,60.72,61.48,60.6,,,,0,15,5
2010-10-13 00:00:00,,,,61.42,62.65,61.42,,,,0,15,5
2010-10-14 00:00:00,,,,62.4,62.91,61.94,,,,,,
2010-10-15 00:00:00,,,,62.39,62.48,61.96,,,,0,15,5
2010-10-18 00:00:00,,,,62.23,62.89,61.99,,,,0,15,5
2010-10-19 00:00:00,,,,62,62.05,60.4,,,,0,15,5
2010-10-20 00:00:00,,,,61.19,61.8,60.95,,,,0,16,5
2010-10-21 00:00:00,,,,61.25,61.61,60.76,,,,0,16,5
2010-10-22 00:00:00,,,,61.46,61.83,60.97,,,,0,16,5
2010-10-25 00:00:00,,,,61.36,62.38,61.31,,,,0,16,5
2010-10-26 00:00:00,,,,61.38,62.48,60.72,,,,0,16,5
2010-10-27 00:00:00,,,,65.93,66.07,64.74,,,,0,16,5
2010-10-28 00:00:00,,,,65.51,65.81,64.7,,,,,,
2010-10-29 00:00:00,,,,64.72,66.08,64.55,,,,0,16,5
2010-11-01 00:00:00,,,,66,67.99,65.81,,,,0,14,5
2010-11-02 00:00:00,,,,68.05,68.19,66.8,,,,0,14,5
2010-11-03 00:00:00,,,,66.81,67.63,66.81,,,,0,14,5
2010-11-04 00:00:00,,,,68,68,66.78,,,,,,
2010-11-05 00:00:00,,,,67.11,67.18,66.22,,,,0,14,5
2010-11-08 00:00:00,,,,65.92,66.02,65.47,,,,0,14,5
2010-11-09 00:00:00,,,,65.5,65.93,64.92,,,,,,
2010-11-10 00:00:00,,,,64.79,65.18,64.06,,,,,,
2010-11-11 00:00:00,,,,64.9,65.73,64.34,,,,0,14,5
2010-11-12 00:00:00,,,,65.12,65.53,64.81,,,,0,14,5
2010-11-15 00:00:00,,,,65.3,65.3,64.39,,,,0,14,5
2010-11-16 00:00:00,,,,64.38,64.67,63.55,,,,,,
2010-11-17 00:00:00,,,,64.03,64.9,63.74,,,,0,14,5
2010-11-18 00:00:00,,,,65,66.35,65,,,,,,
2010-11-19 00:00:00,,,,65.49,66.1,65.13,,,,0,14,5
2010-11-22 00:00:00,,,,65.83,65.83,64.51,,,,0,14,5
2010-11-23 00:00:00,,,,64.9,64.9,63.96,,,,,,
2010-11-24 00:00:00,,,,64.41,65.1,64.08,,,,,,
2010-11-26 00:00:00,,,,64.17,64.75,63.86,,,,,,
2010-11-29 00:00:00,,,,64.06,64.41,63.51,,,,0,14,5
2010-11-30 00:00:00,,,,63.64,64.49,63.37,,,,0,14,5
2010-12-01 00:00:00,,,,64.62,65.88,64.39,,,,0,14,5
2010-12-02 00:00:00,,,,65.56,66.87,65.38,,,,0,14,5
2010-12-03 00:00:00,,,,66.54,67.03,65.66,,,,0,14,5
2010-12-06 00:00:00,,,,66.72,66.89,66.45,,,,0,14,5
2010-12-07 00:00:00,,,,66.91,67.47,66.8,,,,,,
2010-12-08 00:00:00,,,,67.12,67.2,65.84,,,,0,14,5
2010-12-09 00:00:00,,,,66.6,67.5,66.6,,,,0,14,5
2010-12-10 00:00:00,,,,67.52,68.16,67.44,,,,0,13,5
2010-12-13 00:00:00,,,,68.08,68.08,67.04,,,,0,13,5
2010-12-14 00:00:00,,,,67.64,69.11,67.51,,,,0,14,4
2010-12-15 00:00:00,,,,69.01,69.61,68.23,,,,,,
2010-12-16 00:00:00,,,,68.28,68.69,67.81,,,,0,14,4
2010-12-17 00:00:00,,,,68.32,69.21,68.18,,,,0,14,4
2010-12-20 00:00:00,,,,69.15,69.58,68.71,,,,0,14,4
2010-12-21 00:00:00,,,,69.58,70.02,69.29,,,,0,14,4
2010-12-22 00:00:00,,,,69.82,71.03,69.79,,,,,,
2010-12-23 00:00:00,,,,70.76,70.97,70.43,,,,0,14,4
2010-12-27 00:00:00,,,,70.5,70.97,70.5,,,,0,14,4
2010-12-28 00:00:00,,,,70.81,70.89,70.6,,,,,,
2010-12-29 00:00:00,,,,70.81,71,70.44,,,,0,14,4
2010-12-30 00:00:00,,,,70.58,71.09,70.22,,,,0,14,4
2010-12-31 00:00:00,,,,70.53,70.67,70.22,,,,,,
2011-01-03 00:00:00,,,,70.45,71.61,70.44,,,,0,14,4
2011-01-04 00:00:00,,,,71.14,71.96,71,,,,0,14,4
2011-01-05 00:00:00,,,,71.45,72.36,71.32,,,,0,14,4
2011-01-06 00:00:00,,,,72.21,74.89,72.21,,,,0,14,4
2011-01-07 00:00:00,,,,74.49,74.49,73.36,,,,0,14,4
2011-01-10 00:00:00,,,,73.99,74.47,73.47,,,,0,15,4
2011-01-11 00:00:00,,,,73.78,74.77,73.63,,,,0,15,4
2011-01-12 00:00:00,,,,74.94,74.95,73.76,,,,0,15,4
2011-01-13 00:00:00,,,,74.01,74.89,74.01,,,,0,15,4
2011-01-14 00:00:00,,,,74.23,74.29,73.82,,,,0,16,4
2011-01-18 00:00:00,,,,74.25,75.21,74.25,,,,0,16,4
2011-01-19 00:00:00,,,,74.98,75,73.83,,,,0,16,4
2011-01-20 00:00:00,,,,74.09,74.32,73.21,,,,0,16,4
2011-01-21 00:00:00,,,,74.13,74.38,73.15,,,,0,16,4
2011-01-24 00:00:00,,,,73.33,74.28,73.33,,,,0,16,4
2011-01-25 00:00:00,,,,74.23,74.81,73.75,,,,0,16,4
2011-01-26 00:00:00,,,,74.86,75.49,74.41,,,,,,
2011-01-27 00:00:00,,,,75.09,75.33,74.11,,,,0,15,5
2011-01-28 00:00:00,,,,75.11,75.16,73.82,,,,0,15,5
2011-01-31 00:00:00,,,,75,75.26,73.38,,,,0,15,5
2011-02-01 00:00:00,,,,76.4,77.83,76.4,,,,0,15,4
2011-02-02 00:00:00,,,,77.23,77.72,76.35,,,,,,
2011-02-03 00:00:00,,,,75.27,77,75.04,,,,,,
2011-02-04 00:00:00,,,,77,77.85,76.26,,,,,,
2011-02-07 00:00:00,,,,77.94,78.4,77.13,,,,0,15,4
2011-02-08 00:00:00,,,,77.43,78.38,77.28,,,,0,15,4
2011-02-09 00:00:00,,,,78.23,78.87,78.15,,,,0,15,4
2011-02-10 00:00:00,,,,78.38,78.53,77.7,,,,,,
2011-02-11 00:00:00,,,,77.88,79,77.52,,,,,,
2011-02-14 00:00:00,,,,79,79.46,78.86,,,,0,15,4
2011-02-15 00:00:00,,,,79.33,79.37,79,,,,0,15,4
2011-02-16 00:00:00,,,,79.19,79.87,79.02,,,,0,15,4
2011-02-17 00:00:00,,,,79.58,80.52,79.12,,,,,,
2011-02-18 00:00:00,,,,80.71,81,80.12,,,,,,
2011-02-21 00:00:00,,,,,,,,,,0,15,4
2011-02-22 00:00:00,,,,79.96,80.16,78.26,,,,0,15,4
2011-02-23 00:00:00,,,,78.3,78.68,77.57,,,,0,15,4
2011-02-24 00:00:00,,,,78.22,78.83,77.69,,,,0,15,4
2011-02-25 00:00:00,,,,78.32,79.22,78.24,,,,0,15,4
2011-02-28 00:00:00,,,,79.28,79.89,78.96,,,,0,15,4
2011-03-01 00:00:00,,,,79.47,79.95,79.23,,,,0,15,4
2011-03-02 00:00:00,,,,79.13,79.21,77.6,,,,0,15,4
2011-03-03 00:00:00,,,,78.65,80.59,78.47,,,,0,15,4
2011-03-04 00:00:00,,,,80,80.59,79.49,,,,,,
2011-03-07 00:00:00,,,,80.36,80.94,78.44,,,,0,15,4
2011-03-08 00:00:00,,,,78.77,79.04,78.04,,,,,,
2011-03-09 00:00:00,,,,78.32,79.74,77.94,,,,0,15,4
2011-03-10 00:00:00,,,,78.7,78.94,78.28,,,,,,
2011-03-11 00:00:00,,,,78.2,78.56,77.74,,,,0,15,4
2011-03-14 00:00:00,,,,77.33,78.22,76.89,,,,0,15,4
2011-03-15 00:00:00,,,,75.93,77.51,75.56,,,,0,15,4
2011-03-16 00:00:00,,,,76.61,76.81,75.08,,,,0,15,4
2011-03-17 00:00:00,,,,76.72,77.32,76.51,,,,,,
2011-03-18 00:00:00,,,,77.97,78.16,77.55,,,,,,
2011-03-21 00:00:00,,,,78.65,79.72,78.59,,,,0,15,4
2011-03-22 00:00:00,,,,78.93,79.13,78.54,,,,,,
2011-03-23 00:00:00,,,,78.45,78.75,77.9,,,,0,15,4
2011-03-24 00:00:00,,,,78.74,79.93,78.43,,,,,,
2011-03-25 00:00:00,,,,79.78,80.33,79.55,,,,,,
2011-03-28 00:00:00,,,,79.65,80,79.37,,,,0,15,4
2011-03-29 00:00:00,,,,79.63,80.21,79.58,,,,0,15,4
2011-03-30 00:00:00,,,,80.1,80.42,79.81,,,,,,
2011-03-31 00:00:00,,,,79.89,80.05,78.99,,,,,,
2011-04-01 00:00:00,,,,79.3,79.82,79.25,,,,,,
2011-04-04 00:00:00,,,,79.72,79.79,79.05,,,,0,15,4
2011-04-05 00:00:00,,,,78.81,79.18,78.47,,,,,,
2011-04-06 00:00:00,,,,79.35,79.55,78.4,,,,0,16,4
2011-04-07 00:00:00,,,,78.37,79.37,78.14,,,,,,
2011-04-08 00:00:00,,,,78.65,78.99,78.09,,,,,,
2011-04-11 00:00:00,,,,78.35,78.96,78.23,,,,0,16,4
2011-04-12 00:00:00,,,,78.26,78.64,77.55,,,,0,16,4
2011-04-13 00:00:00,,,,77.85,78.31,77.59,,,,0,16,4
2011-04-14 00:00:00,,,,77.72,78.94,77.58,,,,,,
2011-04-15 00:00:00,,,,79.06,80.82,79.06,,,,0,16,4
2011-04-18 00:00:00,,,,79.45,80.13,78.64,,,,0,16,4
2011-04-19 00:00:00,,,,79.97,80.92,79.86,,,,0,16,4
2011-04-20 00:00:00,,,,81.5,82.43,81.42,,,,0,16,4
2011-04-21 00:00:00,,,,82.3,82.98,81.86,,,,0,16,4
2011-04-25 00:00:00,,,,82.29,83.22,82.06,,,,0,16,4
2011-04-26 00:00:00,,,,83.47,83.49,82.69,,,,,,
2011-04-27 00:00:00,,,,83.75,84.28,83.69,,,,,,
2011-04-28 00:00:00,,,,84.01,84.68,82.65,,,,,,
2011-04-29 00:00:00,,,,83.07,83.23,82.62,,,,0,16,4
2011-05-02 00:00:00,,,,83.17,83.42,82.72,,,,0,16,4
2011-05-03 00:00:00,,,,83.19,83.82,82.6,,,,0,16,4
2011-05-04 00:00:00,,,,81,82.97,80.76,,,,0,16,4
2011-05-05 00:00:00,,,,82.54,83.5,82.28,,,,,,
2011-05-06 00:00:00,,,,83.32,84.4,82.5,,,,0,16,4
2011-05-09 00:00:00,,,,82.78,84.99,82.76,,,,0,16,4
2011-05-10 00:00:00,,,,85,85.82,84.51,,,,0,16,4
2011-05-11 00:00:00,,,,85.48,85.97,84.37,,,,0,16,4
2011-05-12 00:00:00,,,,84.74,85.08,84.02,,,,0,16,4
2011-05-13 00:00:00,,,,85.02,85.09,83.77,,,,,,
2011-05-16 00:00:00,,,,84.01,85.37,84.01,,,,0,16,4
2011-05-17 00:00:00,,,,84.83,84.84,84.36,,,,,,
2011-05-18 00:00:00,,,,84.81,87.1,84.65,,,,0,16,4
2011-05-19 00:00:00,,,,86.96,87.32,86.11,,,,0,16,4
2011-05-20 00:00:00,,,,86.72,86.72,84.99,,,,0,16,4
2011-05-23 00:00:00,,,,83.76,84.44,83.3,,,,0,16,4
2011-05-24 00:00:00,,,,84.2,84.23,83.05,,,,0,17,4
2011-05-25 00:00:00,,,,83.48,84.5,83.39,,,,0,17,4
2011-05-26 00:00:00,,,,83.59,85,83.12,,,,,,
2011-05-27 00:00:00,,,,85,85.07,84.52,,,,0,17,4
2011-05-31 00:00:00,,,,85.83,85.84,85.11,,,,0,17,4
2011-06-01 00:00:00,,,,85.64,85.87,85.08,,,,0,17,4
2011-06-02 00:00:00,,,,85,85.14,84.33,,,,0,17,4
2011-06-03 00:00:00,,,,83.99,84.45,83.61,,,,,,
2011-06-06 00:00:00,,,,84,84.71,83.85,,,,0,17,4
2011-06-07 00:00:00,,,,84.76,85.1,84.32,,,,0,17,4
2011-06-08 00:00:00,,,,83.81,84.33,83.61,,,,,,
2011-06-09 00:00:00,,,,84.39,85.59,84.17,,,,0,17,4
2011-06-10 00:00:00,,,,84.64,84.64,82.88,,,,,,
2011-06-13 00:00:00,,,,83.42,83.88,83.33,,,,,,
2011-06-14 00:00:00,,,,84.36,84.84,84.14,,,,0,17,4
2011-06-15 00:00:00,,,,83.63,84.45,83.14,,,,0,17,4
2011-06-16 00:00:00,,,,83.22,83.32,82.24,,,,0,17,4
2011-06-17 00:00:00,,,,82.9,83.28,81.81,,,,0,17,4
2011-06-20 00:00:00,,,,82.35,83.19,82.34,,,,0,17,4
2011-06-21 00:00:00,,,,83.55,84.01,83.51,,,,,,
2011-06-22 00:00:00,,,,83.52,83.89,83.05,,,,0,17,4
2011-06-23 00:00:00,,,,82.51,82.51,81.34,,,,,,
2011-06-24 00:00:00,,,,81.95,82.06,81.27,,,,0,17,4
2011-06-27 00:00:00,,,,81.15,82.46,81,,,,0,17,4
2011-06-28 00:00:00,,,,82.41,83.38,82.31,,,,0,17,4
2011-06-29 00:00:00,,,,83.47,83.53,82.61,,,,0,17,4
2011-06-30 00:00:00,,,,83.19,83.8,83.13,,,,0,17,4
2011-07-01 00:00:00,,,,83.79,84.4,83.61,,,,,,
2011-07-05 00:00:00,,,,84.08,84.38,83.52,,,,0,17,4
2011-07-06 00:00:00,,,,83.97,84.67,83.73,,,,,,
2011-07-07 00:00:00,,,,84.82,84.96,84.23,,,,,,
2011-07-08 00:00:00,,,,84.18,84.57,84.1,,,,,,
2011-07-11 00:00:00,,,,83.72,83.85,83.11,,,,0,17,4
2011-07-12 00:00:00,,,,83.3,84.1,82.85,,,,0,17,5
2011-07-13 00:00:00,,,,83.4,83.89,82.99,,,,0,17,5
2011-07-14 00:00:00,,,,83.2,83.98,82.78,,,,0,17,5
2011-07-15 00:00:00,,,,83.35,83.35,82.11,,,,0,17,5
2011-07-18 00:00:00,,,,82.21,82.37,81.1,,,,0,17,5
2011-07-19 00:00:00,,,,82.03,82.23,81.33,,,,,,
2011-07-20 00:00:00,,,,82.41,82.64,81.79,,,,0,17,5
2011-07-21 00:00:00,,,,82.62,82.62,79.88,,,,0,17,5
2011-07-22 00:00:00,,,,81.88,82.6,81.86,,,,0,17,5
2011-07-25 00:00:00,,,,81.73,82.17,81.22,,,,0,17,5
2011-07-26 00:00:00,,,,81.13,81.36,80.62,,,,0,17,5
2011-07-27 00:00:00,,,,80.89,81.42,80.44,,,,0,17,5
2011-07-28 00:00:00,,,,80.6,81.42,79.39,,,,0,17,5
2011-07-29 00:00:00,,,,81.82,82.09,79.88,,,,0,17,5
2011-08-01 00:00:00,,,,81.39,81.54,78.44,,,,0,17,5
2011-08-02 00:00:00,,,,79.25,79.56,77.84,,,,,,
2011-08-03 00:00:00,,,,77.8,78.23,76.31,,,,,,
2011-08-04 00:00:00,,,,77.18,77.35,74.92,,,,,,
2011-08-05 00:00:00,,,,75.81,76.21,73.5,,,,,,
2011-08-08 00:00:00,,,,74.18,74.43,70.86,,,,0,17,5
2011-08-09 00:00:00,,,,71.5,76.26,71.17,,,,,,
2011-08-10 00:00:00,,,,74.89,75.45,73.37,,,,0,17,5
2011-08-11 00:00:00,,,,73.78,80.81,73.78,,,,,,
2011-08-12 00:00:00,,,,79.23,79.93,77.88,,,,0,17,5
2011-08-15 00:00:00,,,,79.22,79.68,77.96,,,,0,17,5
2011-08-16 00:00:00,,,,78.22,78.55,76.68,,,,0,17,5
2011-08-17 00:00:00,,,,78.82,78.82,76.62,,,,,,
2011-08-18 00:00:00,,,,75.67,75.7,73.63,,,,,,
2011-08-19 00:00:00,,,,73.66,75.34,73.53,,,,0,17,5
2011-08-22 00:00:00,,,,75.02,75.07,73.25,,,,0,17,5
2011-08-23 00:00:00,,,,73.63,75.75,73.14,,,,,,
2011-08-24 00:00:00,,,,75.19,76.05,74.91,,,,0,17,5
2011-08-25 00:00:00,,,,76.06,76.35,74.11,,,,0,17,5
2011-08-26 00:00:00,,,,74.4,76.95,73,,,,,,
2011-08-29 00:00:00,,,,77.27,78.19,77.04,,,,0,17,5
2011-08-30 00:00:00,,,,77.43,78.93,77.22,,,,0,17,5
2011-08-31 00:00:00,,,,79,80.32,78.74,,,,,,
2011-09-01 00:00:00,,,,79.71,81.43,78.73,,,,,,
2011-09-02 00:00:00,,,,77.81,78.93,77.44,,,,,,
2011-09-06 00:00:00,,,,75.31,76.85,75.06,,,,,,
2011-09-07 00:00:00,,,,77.71,78.91,77.16,,,,,,
2011-09-08 00:00:00,,,,78.23,79.43,77.55,,,,0,17,5
2011-09-09 00:00:00,,,,76.9,76.92,73.69,,,,,,
2011-09-12 00:00:00,,,,73.03,74.21,72.64,,,,0,17,5
2011-09-13 00:00:00,,,,74.19,74.57,73.46,,,,0,17,5
2011-09-14 00:00:00,,,,74.56,76.76,73.86,,,,,,
2011-09-15 00:00:00,,,,76.24,76.36,74,,,,,,
2011-09-16 00:00:00,,,,75.59,76.93,75.29,,,,,,
2011-09-19 00:00:00,,,,75.84,77.08,75.79,,,,0,18,4
2011-09-20 00:00:00,,,,77.09,78.48,76.85,,,,0,18,4
2011-09-21 00:00:00,,,,77.89,77.89,74.83,,,,,,
2011-09-22 00:00:00,,,,72.8,73.82,72.28,,,,,,
2011-09-23 00:00:00,,,,72.99,74.03,72.68,,,,0,18,4
2011-09-26 00:00:00,,,,74.02,74.87,73.21,,,,0,18,4
2011-09-27 00:00:00,,,,75.81,77.42,75.64,,,,,,
2011-09-28 00:00:00,,,,76.28,76.6,74.6,,,,,,
2011-09-29 00:00:00,,,,76,76.79,74.04,,,,0,18,4
2011-09-30 00:00:00,,,,74.26,74.31,72.67,,,,,,
2011-10-03 00:00:00,,,,72.4,73.19,70.44,,,,0,18,4
2011-10-04 00:00:00,,,,68.71,70.1,67.59,,,,,,
2011-10-05 00:00:00,,,,69.82,71.21,69.3,,,,0,18,4
2011-10-06 00:00:00,,,,69.39,70.23,66.63,,,,0,18,4
2011-10-07 00:00:00,,,,70.57,71.07,69.68,,,,0,18,4
2011-10-10 00:00:00,,,,71.44,73.17,71.44,,,,0,18,4
2011-10-11 00:00:00,,,,72.53,73.62,72.22,,,,0,18,4
2011-10-12 00:00:00,,,,73.35,74.18,73.08,,,,0,18,4
2011-10-13 00:00:00,,,,73.31,73.91,72.5,,,,,,
2011-10-14 00:00:00,,,,74.59,74.59,73,,,,0,18,4
2011-10-17 00:00:00,,,,73.08,73.6,72.7,,,,0,18,4
2011-10-18 00:00:00,,,,72.79,74.09,71.97,,,,0,17,4
2011-10-19 00:00:00,,,,73.64,74.31,72.89,,,,0,17,4
2011-10-20 00:00:00,,,,72.99,73.37,71.67,,,,0,17,4
2011-10-21 00:00:00,,,,73.82,75.89,73.79,,,,,,
2011-10-24 00:00:00,,,,75.81,77.42,75.5,,,,0,17,4
2011-10-25 00:00:00,,,,76.51,77.72,75.92,,,,0,17,4
2011-10-26 00:00:00,,,,81.5,82.74,79.57,,,,0,17,4
2011-10-27 00:00:00,,,,83,85.7,82.74,,,,0,17,4
2011-10-28 00:00:00,,,,84.53,85.29,83.77,,,,,,
2011-10-31 00:00:00,,,,83.13,83.6,81.55,,,,0,17,4
2011-11-01 00:00:00,,,,80.02,80.55,78.74,,,,,,
2011-11-02 00:00:00,,,,80.84,82.42,80.67,,,,,,
2011-11-03 00:00:00,,,,81.75,82.21,80.69,,,,,,
2011-11-04 00:00:00,,,,81.5,82.05,80.42,,,,0,17,4
2011-11-07 00:00:00,,,,80.82,82.09,79.86,,,,0,17,4
2011-11-08 00:00:00,,,,82,82.17,80.81,,,,,,
2011-11-09 00:00:00,,,,80.61,81.4,79.16,,,,0,17,4
2011-11-10 00:00:00,,,,80.16,82.21,80.07,,,,,,
2011-11-11 00:00:00,,,,82.67,83.63,82.56,,,,,,
2011-11-14 00:00:00,,,,82.23,83,82.15,,,,0,17,4
2011-11-15 00:00:00,,,,81.94,83.16,81.82,,,,0,17,4
2011-11-16 00:00:00,,,,81.7,82.15,80.91,,,,0,17,4
2011-11-17 00:00:00,,,,80.67,81.11,79.64,,,,0,17,4
2011-11-18 00:00:00,,,,80.8,80.93,79.92,,,,,,
2011-11-21 00:00:00,,,,79.24,79.32,77.61,,,,0,17,4
2011-11-22 00:00:00,,,,78.4,79.08,77.86,,,,,,
2011-11-23 00:00:00,,,,77.46,77.89,76.74,,,,,,
2011-11-25 00:00:00,,,,76.97,77.44,76.32,,,,0,17,4
2011-11-28 00:00:00,,,,78.38,78.83,77.74,,,,0,17,4
2011-11-29 00:00:00,,,,78.59,79.11,78.12,,,,0,17,4
2011-11-30 00:00:00,,,,81,81.36,79.92,,,,0,17,4
2011-12-01 00:00:00,,,,81.45,82.25,81.26,,,,,,
2011-12-02 00:00:00,,,,82.1,82.18,79.94,,,,0,17,4
2011-12-05 00:00:00,,,,81.72,81.78,79.52,,,,0,17,4
2011-12-06 00:00:00,,,,80.73,81.49,80.53,,,,0,17,4
2011-12-07 00:00:00,,,,80.23,81.24,79.66,,,,,,
2011-12-08 00:00:00,,,,80.51,80.6,78.5,,,,,,
2011-12-09 00:00:00,,,,79.17,80.15,79.13,,,,0,17,4
2011-12-12 00:00:00,,,,79.4,79.62,78.84,,,,0,17,4
2011-12-13 00:00:00,,,,79.84,80.3,78.59,,,,0,17,4
2011-12-14 00:00:00,,,,78.55,78.66,76.36,,,,0,17,4
2011-12-15 00:00:00,,,,77.08,77.88,76.81,,,,,,
2011-12-16 00:00:00,,,,77.7,78.98,77.47,,,,,,
2011-12-19 00:00:00,,,,77.67,78.23,76.37,,,,,,
2011-12-20 00:00:00,,,,77.94,79.13,77.73,,,,0,17,4
2011-12-21 00:00:00,,,,78.51,78.83,77.21,,,,,,
2011-12-22 00:00:00,,,,77.81,78.63,77.69,,,,,,
2011-12-23 00:00:00,,,,78.5,78.9,78.42,,,,,,
2011-12-27 00:00:00,,,,78.64,79.27,78.58,,,,0,17,4
2011-12-28 00:00:00,,,,78.98,79.05,77.19,,,,,,
2011-12-29 00:00:00,,,,77.56,78.4,77.41,,,,0,17,4
2011-12-30 00:00:00,,,,78.34,78.52,77.87,,,,,,
2012-01-03 00:00:00,,,,79.1,79.84,78.8,,,,0,17,4
2012-01-04 00:00:00,,,,79.17,79.8,78.78,,,,,,
2012-01-05 00:00:00,,,,78.62,78.65,77.7,,,,0,17,4
2012-01-06 00:00:00,,,,77.82,78.75,77.64,,,,0,17,4
2012-01-09 00:00:00,,,,78.48,79.9,78.23,,,,0,17,4
2012-01-10 00:00:00,,,,80.18,80.84,79.3,,,,,,
2012-01-11 00:00:00,,,,79.23,79.38,78.62,,,,0,17,4
2012-01-12 00:00:00,,,,79.11,79.13,78.13,,,,,,
2012-01-13 00:00:00,,,,77.73,77.89,76.87,,,,0,17,4
2012-01-17 00:00:00,,,,78.05,78.38,77.29,,,,0,17,4
2012-01-18 00:00:00,,,,77,77.08,75.62,,,,0,17,4
2012-01-19 00:00:00,,,,76,76.12,74.89,,,,,,
2012-01-20 00:00:00,,,,76,77.17,75.78,,,,0,17,4
2012-01-23 00:00:00,,,,76.4,77.45,76.4,,,,0,17,4
2012-01-24 00:00:00,,,,76.11,76.82,76,,,,0,17,4
2012-01-25 00:00:00,,,,76.5,77.95,76.2,,,,0,17,4
2012-01-26 00:00:00,,,,77.9,79.08,77.29,,,,,,
2012-01-27 00:00:00,,,,78.58,79.86,78.53,,,,,,
2012-01-30 00:00:00,,,,79.05,79.09,78.08,,,,0,17,4
2012-01-31 00:00:00,,,,83.2,83.28,80.73,,,,0,17,4
2012-02-01 00:00:00,,,,82.13,82.94,81.82,,,,0,17,4
2012-02-02 00:00:00,,,,82.55,82.74,81.76,,,,0,17,4
2012-02-03 00:00:00,,,,82.42,82.69,80.42,,,,0,17,3
2012-02-06 00:00:00,,,,80.6,82.32,80.6,,,,0,17,3
2012-02-07 00:00:00,,,,81.83,82.74,81.83,,,,,,
2012-02-08 00:00:00,,,,82.8,82.95,82.48,,,,,,
2012-02-09 00:00:00,,,,82.79,82.79,81.78,,,,0,17,3
2012-02-10 00:00:00,,,,81.91,81.91,81.11,,,,,,
2012-02-13 00:00:00,,,,81.59,81.87,80.8,,,,0,17,3
2012-02-14 00:00:00,,,,81.44,82.4,81.42,,,,,,
2012-02-15 00:00:00,,,,81.89,82.06,81.08,,,,0,17,3
2012-02-16 00:00:00,,,,81.32,81.32,80.61,,,,,,
2012-02-17 00:00:00,,,,81.21,82.86,81.09,,,,0,17,3
2012-02-21 00:00:00,,,,82.52,82.57,80.96,,,,0,17,3
2012-02-22 00:00:00,,,,81.58,81.86,80.74,,,,0,17,3
2012-02-23 00:00:00,,,,80.85,81.44,80.71,,,,0,17,3
2012-02-24 00:00:00,,,,81.27,82.17,80.61,,,,,,
2012-02-27 00:00:00,,,,81.2,82.33,81.12,,,,0,17,3
2012-02-28 00:00:00,,,,81.92,82.89,81.31,,,,,,
2012-02-29 00:00:00,,,,82.78,83.89,82.25,,,,0,17,3
2012-03-01 00:00:00,,,,83.49,84.06,83.07,,,,0,17,3
2012-03-02 00:00:00,,,,83.69,83.9,81.76,,,,0,17,3
2012-03-05 00:00:00,,,,82.1,82.86,81.94,,,,0,17,3
2012-03-06 00:00:00,,,,81.76,82.55,81.59,,,,,,
2012-03-07 00:00:00,,,,82.42,83.2,81.77,,,,,,
2012-03-08 00:00:00,,,,83.33,85.9,83.33,,,,0,17,3
2012-03-09 00:00:00,,,,85.67,87.07,85.43,,,,0,17,3
2012-03-12 00:00:00,,,,86.75,87,86.02,,,,0,17,3
2012-03-13 00:00:00,,,,86.81,87.13,85.92,,,,,,
2012-03-14 00:00:00,,,,86.72,87.67,86.38,,,,0,17,3
2012-03-15 00:00:00,,,,87.04,87.47,86.66,,,,0,17,3
2012-03-16 00:00:00,,,,88,88,87.16,,,,,,
2012-03-19 00:00:00,,,,87.59,87.71,86.84,,,,0,17,3
2012-03-20 00:00:00,,,,86.95,87.26,86.7,,,,0,17,3
2012-03-21 00:00:00,,,,87.16,87.35,86.66,,,,,,
2012-03-22 00:00:00,,,,86.32,86.65,85.99,,,,,,
2012-03-23 00:00:00,,,,86.2,86.92,85.62,,,,0,16,3
2012-03-26 00:00:00,,,,87.16,87.83,87.1,,,,0,15,3
2012-03-27 00:00:00,,,,87.82,88.6,87.77,,,,,,
2012-03-28 00:00:00,,,,88.38,88.83,87.72,,,,,,
2012-03-29 00:00:00,,,,87.55,88.68,87.38,,,,0,15,3
2012-03-30 00:00:00,,,,88.74,88.9,87.72,,,,,,
2012-04-02 00:00:00,,,,87.65,88.81,87.59,,,,0,15,3
2012-04-03 00:00:00,,,,88.88,88.88,88.06,,,,,,
2012-04-04 00:00:00,,,,87.9,88.33,87.58,,,,0,15,3
2012-04-05 00:00:00,,,,87.53,88.1,87.35,,,,,,
2012-04-09 00:00:00,,,,87.04,88.03,86.68,,,,,,
2012-04-10 00:00:00,,,,87.04,87.94,86.76,,,,0,15,3
2012-04-11 00:00:00,,,,87.73,88.08,87.14,,,,0,15,3
2012-04-12 00:00:00,,,,90.67,92.65,90.5,,,,0,15,3
2012-04-13 00:00:00,,,,91.33,91.45,90.02,,,,0,15,3
2012-04-16 00:00:00,,,,90.15,90.56,89.44,,,,0,15,3
2012-04-17 00:00:00,,,,90.07,91.51,89.97,,,,0,15,3
2012-04-18 00:00:00,,,,91.2,91.32,90.75,,,,0,15,3
2012-04-19 00:00:00,,,,91.34,91.48,89.99,,,,,,
2012-04-20 00:00:00,,,,91.21,91.36,90.69,,,,0,15,3
2012-04-23 00:00:00,,,,90.09,91.21,89.69,,,,,,
2012-04-24 00:00:00,,,,90.9,91.21,90.49,,,,,,
2012-04-25 00:00:00,,,,91.53,91.89,91.09,,,,,,
2012-04-26 00:00:00,,,,91.41,92.12,90.77,,,,,,
2012-04-27 00:00:00,,,,91.89,92.16,91.01,,,,,,
2012-04-30 00:00:00,,,,91.31,92.45,91.14,,,,0,15,3
2012-05-01 00:00:00,,,,89.9,90.76,89.17,,,,0,13,5
2012-05-02 00:00:00,,,,90.24,90.37,89.82,,,,0,13,5
2012-05-03 00:00:00,,,,90.18,91.26,89.78,,,,,,
2012-05-04 00:00:00,,,,90.41,90.67,89.38,,,,,,
2012-05-07 00:00:00,,,,89.39,89.88,89.39,,,,0,13,5
2012-05-08 00:00:00,,,,89.35,89.85,88.54,,,,0,13,5
2012-05-09 00:00:00,,,,89.21,90.03,88.71,,,,,,
2012-05-10 00:00:00,,,,89.78,90.23,89.45,,,,,,
2012-05-11 00:00:00,,,,89.58,90.67,89.21,,,,,,
2012-05-14 00:00:00,,,,89.39,89.96,89.01,,,,0,13,5
2012-05-15 00:00:00,,,,89.44,89.57,88.62,,,,0,13,5
2012-05-16 00:00:00,,,,89.01,89.71,88.66,,,,0,13,5
2012-05-17 00:00:00,,,,89.17,89.21,87.98,,,,,,
2012-05-18 00:00:00,,,,88.8,88.8,86.48,,,,,,
2012-05-21 00:00:00,,,,87.45,87.55,86.52,,,,0,13,5
2012-05-22 00:00:00,,,,86.52,87.54,86.19,,,,0,13,5
2012-05-23 00:00:00,,,,86.91,86.99,85.95,,,,0,13,5
2012-05-24 00:00:00,,,,86.66,87.5,86.39,,,,0,13,5
2012-05-25 00:00:00,,,,86.75,87.93,86.71,,,,0,13,5
2012-05-29 00:00:00,,,,87.72,88,87.2,,,,0,13,5
2012-05-30 00:00:00,,,,87.15,87.6,86.91,,,,,,
2012-05-31 00:00:00,,,,86.76,87.91,86.51,,,,,,
2012-06-01 00:00:00,,,,86.62,87.11,86.39,,,,0,12,5
2012-06-04 00:00:00,,,,86.68,87.31,86.39,,,,0,12,5
2012-06-05 00:00:00,,,,86.89,87.68,86.67,,,,,,
2012-06-06 00:00:00,,,,87.82,88.39,87.48,,,,,,
2012-06-07 00:00:00,,,,88.63,89.45,87.69,,,,0,12,4
2012-06-08 00:00:00,,,,87.99,88.51,87.71,,,,0,12,4
2012-06-11 00:00:00,,,,88.78,88.9,87.91,,,,0,12,4
2012-06-12 00:00:00,,,,88.06,88.94,87.46,,,,0,12,4
2012-06-13 00:00:00,,,,88.83,89.29,88.51,,,,0,12,4
2012-06-14 00:00:00,,,,88.96,90.25,88.9,,,,,,
2012-06-15 00:00:00,,,,90.46,91.01,90.27,,,,,,
2012-06-18 00:00:00,,,,90.77,92.21,90.65,,,,0,12,4
2012-06-19 00:00:00,,,,92.05,93.28,91.87,,,,0,12,4
2012-06-20 00:00:00,,,,93,93.22,91.75,,,,0,12,4
2012-06-21 00:00:00,,,,92.78,93.03,91.37,,,,0,12,5
2012-06-22 00:00:00,,,,91.66,92.06,90.85,,,,,,
2012-06-25 00:00:00,,,,91.18,91.19,90.51,,,,0,12,5
2012-06-26 00:00:00,,,,91.46,92.47,91.04,,,,,,
2012-06-27 00:00:00,,,,92.15,92.81,92.15,,,,,,
2012-06-28 00:00:00,,,,91.84,93.42,91.75,,,,,,
2012-06-29 00:00:00,,,,94,94,93.43,,,,0,12,5
2012-07-02 00:00:00,,,,94,95.28,93.76,,,,0,12,5
2012-07-03 00:00:00,,,,94.85,96.01,94.78,,,,0,12,5
2012-07-05 00:00:00,,,,95.6,95.79,94.39,,,,0,12,5
2012-07-06 00:00:00,,,,94.11,94.23,93.34,,,,0,12,5
2012-07-09 00:00:00,,,,93.5,94.13,93.5,,,,0,12,5
2012-07-10 00:00:00,,,,94.29,94.77,93.14,,,,,,
2012-07-11 00:00:00,,,,93.37,94.48,93.36,,,,0,13,5
2012-07-12 00:00:00,,,,93.48,94.09,93.1,,,,,,
2012-07-13 00:00:00,,,,93.52,95.07,93.52,,,,0,13,5
2012-07-16 00:00:00,,,,94.7,94.86,94.3,,,,0,13,5
2012-07-17 00:00:00,,,,95,96.45,94.5,,,,0,13,5
2012-07-18 00:00:00,,,,96.04,97.19,95.96,,,,0,13,5
2012-07-19 00:00:00,,,,96.66,97.21,96.19,,,,0,13,5
2012-07-20 00:00:00,,,,95.96,96.02,95.14,,,,0,13,5
2012-07-23 00:00:00,,,,94.86,94.94,93.54,,,,0,13,5
2012-07-24 00:00:00,,,,94.01,94.01,92.09,,,,,,
2012-07-25 00:00:00,,,,93.05,93.12,91.74,,,,0,13,5
2012-07-26 00:00:00,,,,94,94.02,91.36,,,,0,13,5
2012-07-27 00:00:00,,,,94.14,94.16,91.28,,,,0,13,5
2012-07-30 00:00:00,,,,91.61,91.62,90.08,,,,0,13,5
2012-07-31 00:00:00,,,,90.94,92.01,90.08,,,,0,13,5
2012-08-01 00:00:00,,,,90.77,90.95,89.07,,,,,,
2012-08-02 00:00:00,,,,88.75,88.75,87.25,,,,,,
2012-08-03 00:00:00,,,,88.62,89.05,87.37,,,,0,13,5
2012-08-06 00:00:00,,,,87.44,88.42,87.44,,,,,,
2012-08-07 00:00:00,,,,87.7,88.93,87.7,,,,,,
2012-08-08 00:00:00,,,,88.1,88.88,87.77,,,,,,
2012-08-09 00:00:00,,,,88.48,89.14,88.15,,,,,,
2012-08-10 00:00:00,,,,87.97,89.1,87.87,,,,,,
2012-08-13 00:00:00,,,,88.68,89.18,88.14,,,,,,
2012-08-14 00:00:00,,,,89.18,89.47,88.66,,,,,,
2012-08-15 00:00:00,,,,88.68,89.12,88.51,,,,0,13,5
2012-08-16 00:00:00,,,,88.8,88.87,87.98,,,,0,13,5
2012-08-17 00:00:00,,,,86.28,87.04,86.05,,,,0,12,6
2012-08-20 00:00:00,,,,86.53,86.77,86.1,,,,,,
2012-08-21 00:00:00,,,,86.48,87.38,86.48,,,,,,
2012-08-22 00:00:00,,,,86.48,87.33,86.26,,,,0,12,6
2012-08-23 00:00:00,,,,86.4,87.15,86.23,,,,,,
2012-08-24 00:00:00,,,,86.45,87.39,86.25,,,,,,
2012-08-27 00:00:00,,,,87.15,88.13,86.85,,,,0,12,6
2012-08-28 00:00:00,,,,87.26,88.02,86.9,,,,,,
2012-08-29 00:00:00,,,,87.73,88.12,87.41,,,,0,12,6
2012-08-30 00:00:00,,,,87.55,87.55,86.74,,,,,,
2012-08-31 00:00:00,,,,87.09,87.37,86.23,,,,,,
2012-09-04 00:00:00,,,,87.24,87.37,86.66,,,,,,
2012-09-05 00:00:00,,,,88.71,88.99,87.86,,,,0,13,5
2012-09-06 00:00:00,,,,89.01,89.77,88.92,,,,,,
2012-09-07 00:00:00,,,,89.36,89.82,88.22,,,,,,
2012-09-10 00:00:00,,,,88.28,88.56,87.84,,,,,,
2012-09-11 00:00:00,,,,87.84,87.85,87.33,,,,0,13,5
2012-09-12 00:00:00,,,,87.53,87.61,87,,,,0,13,5
2012-09-13 00:00:00,,,,87,88,86.99,,,,,,
2012-09-14 00:00:00,,,,87.6,87.64,85.63,,,,,,
2012-09-17 00:00:00,,,,87.17,87.62,86.46,,,,0,13,5
2012-09-18 00:00:00,,,,86.61,87.09,85.9,,,,,,
2012-09-19 00:00:00,,,,86.91,87.04,85.32,,,,0,13,5
2012-09-20 00:00:00,,,,85.03,86.22,84.66,,,,0,13,5
2012-09-21 00:00:00,,,,86.6,87.58,86.4,,,,0,13,5
2012-09-24 00:00:00,,,,86.34,87.68,86.25,,,,,,
2012-09-25 00:00:00,,,,87.33,87.9,87.11,,,,0,13,5
2012-09-26 00:00:00,,,,87.82,88.6,87.69,,,,,,
2012-09-27 00:00:00,,,,88,88.04,86.97,,,,,,
2012-09-28 00:00:00,,,,87.04,87.04,85.84,,,,0,13,5
2012-10-01 00:00:00,,,,86.22,86.64,85.81,,,,0,13,5
2012-10-02 00:00:00,,,,85.9,86.39,85.57,,,,,,
2012-10-03 00:00:00,,,,86.36,87.66,86.02,,,,0,13,5
2012-10-04 00:00:00,,,,87.52,90.63,87.52,,,,0,13,5
2012-10-05 00:00:00,,,,90,90.57,89.19,,,,0,13,5
2012-10-08 00:00:00,,,,89.47,89.58,88.97,,,,0,13,5
2012-10-09 00:00:00,,,,89.28,89.95,89.22,,,,,,
2012-10-10 00:00:00,,,,89.69,89.69,88.45,,,,,,
2012-10-11 00:00:00,,,,89.53,89.76,89,,,,,,
2012-10-12 00:00:00,,,,89.03,89.87,89,,,,0,13,5
2012-10-15 00:00:00,,,,89.41,91.05,89.28,,,,0,13,5
2012-10-16 00:00:00,,,,91.28,92.46,91.21,,,,0,13,5
2012-10-17 00:00:00,,,,92.46,92.62,91.13,,,,0,13,5
2012-10-18 00:00:00,,,,91.32,91.52,90.99,,,,,,
2012-10-19 00:00:00,,,,91.04,91.05,89.61,,,,0,13,5
2012-10-22 00:00:00,,,,90.02,90.77,89.92,,,,0,13,5
2012-10-23 00:00:00,,,,89.97,90.2,89.49,,,,0,13,5
2012-10-24 00:00:00,,,,89.71,90.36,89.37,,,,0,13,5
2012-10-25 00:00:00,,,,92,94.51,92,,,,0,12,5
2012-10-26 00:00:00,,,,93,93.55,92.2,,,,0,12,5
2012-10-29 00:00:00,,,,,,,,,,0,12,5
2012-10-31 00:00:00,,,,93,93.64,92.05,,,,0,12,5
2012-11-01 00:00:00,,,,93.47,94.62,93.22,,,,,,
2012-11-02 00:00:00,,,,94.77,96.06,93.15,,,,,,
2012-11-05 00:00:00,,,,92.98,93.61,92.81,,,,0,12,5
2012-11-06 00:00:00,,,,93.27,94.1,92.53,,,,,,
2012-11-07 00:00:00,,,,93,94.99,92.64,,,,0,12,5
2012-11-08 00:00:00,,,,94.22,94.5,92.55,,,,,,
2012-11-09 00:00:00,,,,92.66,93.83,92.65,,,,,,
2012-11-12 00:00:00,,,,93.16,93.32,92.47,,,,0,12,5
2012-11-13 00:00:00,,,,92.58,93.99,92.38,,,,,,
2012-11-14 00:00:00,,,,93.35,93.54,91.76,,,,0,12,5
2012-11-15 00:00:00,,,,92.26,92.78,91.03,,,,0,12,5
2012-11-16 00:00:00,,,,91.41,92.3,90.63,,,,,,
2012-11-19 00:00:00,,,,92.53,92.94,92.41,,,,0,12,5
2012-11-20 00:00:00,,,,92.57,93.89,92.52,,,,,,
2012-11-21 00:00:00,,,,93.39,93.75,93.02,,,,0,12,5
2012-11-23 00:00:00,,,,93.65,94.11,93.09,,,,,,
2012-11-26 00:00:00,,,,93.45,93.81,93.06,,,,,,
2012-11-27 00:00:00,,,,93.43,93.66,92.33,,,,,,
2012-11-28 00:00:00,,,,92.77,93.31,91.86,,,,,,
2012-11-29 00:00:00,,,,93.2,94.07,93.08,,,,0,12,5
2012-11-30 00:00:00,,,,93.64,94.89,93.53,,,,,,
2012-12-03 00:00:00,,,,94.5,95.33,94.45,,,,,,
2012-12-04 00:00:00,,,,94.42,95.2,94.42,,,,,,
2012-12-05 00:00:00,,,,94.2,94.58,92.88,,,,,,
2012-12-06 00:00:00,,,,94.38,94.79,94.12,,,,,,
2012-12-07 00:00:00,,,,94.99,95.56,94.59,,,,0,12,5
2012-12-10 00:00:00,,,,95,96.04,95,,,,,,
2012-12-11 00:00:00,,,,95.74,97.58,95.74,,,,,,
2012-12-12 00:00:00,,,,97.6,98,97.07,,,,0,12,5
2012-12-13 00:00:00,,,,97.38,98.01,97.01,,,,,,
2012-12-14 00:00:00,,,,97.53,98.27,97.36,,,,0,12,5
2012-12-17 00:00:00,,,,98.33,98.69,97.81,,,,0,12,5
2012-12-18 00:00:00,,,,98.94,100,98.68,,,,,,
2012-12-19 00:00:00,,,,99.56,99.58,97.97,,,,0,12,5
2012-12-20 00:00:00,,,,97.94,99.11,97.94,,,,,,
2012-12-21 00:00:00,,,,99,99,97.05,,,,,,
2012-12-24 00:00:00,,,,97.76,98.06,97.2,,,,0,12,5
2012-12-26 00:00:00,,,,97.81,97.93,96.38,,,,0,12,5
2012-12-27 00:00:00,,,,96.6,96.97,95.49,,,,,,
2012-12-28 00:00:00,,,,96.14,96.94,95.84,,,,,,
2012-12-31 00:00:00,,,,95.88,96.98,95.5,,,,0,12,5
2013-01-02 00:00:00,,,,97.89,97.99,96.67,,,,,,
2013-01-03 00:00:00,,,,97.76,98.8,97.62,,,,0,12,5
2013-01-04 00:00:00,,,,98.98,100.05,98.74,,,,0,12,5
2013-01-07 00:00:00,,,,99.44,100.11,98.97,,,,0,12,5
2013-01-08 00:00:00,,,,100.1,101.12,100.1,,,,,,
2013-01-09 00:00:00,,,,100.77,101.63,100.48,,,,0,12,5
2013-01-10 00:00:00,,,,101.56,102,100.98,,,,,,
2013-01-11 00:00:00,,,,101.84,101.94,101.01,,,,,,
2013-01-14 00:00:00,,,,101.1,101.65,100.73,,,,0,12,5
2013-01-15 00:00:00,,,,100.94,102.47,100.9,,,,,,
2013-01-16 00:00:00,,,,101.78,102.55,101.5,,,,0,12,5
2013-01-17 00:00:00,,,,102.2,103.27,102.2,,,,0,12,5
2013-01-18 00:00:00,,,,103.22,103.98,102.59,,,,0,12,5
2013-01-22 00:00:00,,,,103.87,103.98,102.9,,,,0,12,5
2013-01-23 00:00:00,,,,103.54,104.99,103.5,,,,,,
2013-01-24 00:00:00,,,,105.19,106.34,105.06,,,,0,12,5
2013-01-25 00:00:00,,,,106.33,106.73,105.5,,,,0,12,5
2013-01-28 00:00:00,,,,106.8,106.8,105.39,,,,0,12,5
2013-01-29 00:00:00,,,,105.72,106.7,105.4,,,,0,12,5
2013-01-30 00:00:00,,,,106.46,106.55,105.58,,,,0,12,5
2013-01-31 00:00:00,,,,105.49,105.87,105.18,,,,0,12,5
2013-02-01 00:00:00,,,,103,105.81,102.5,,,,0,12,5
2013-02-04 00:00:00,,,,102.52,103.04,101.86,,,,0,12,5
2013-02-05 00:00:00,,,,102.11,102.97,101.74,,,,,,
2013-02-06 00:00:00,,,,101.93,102.76,101.48,,,,0,12,5
2013-02-07 00:00:00,,,,102.4,103.38,102.38,,,,,,
2013-02-08 00:00:00,,,,103.22,103.86,103.01,,,,0,12,5
2013-02-11 00:00:00,,,,103.46,103.95,103.13,,,,0,12,5
2013-02-12 00:00:00,,,,103.82,105,103.82,,,,0,12,5
2013-02-13 00:00:00,,,,104.77,105.43,104.7,,,,0,12,5
2013-02-14 00:00:00,,,,104.63,104.95,104.2,,,,,,
2013-02-15 00:00:00,,,,104.42,104.72,103.13,,,,,,
2013-02-19 00:00:00,,,,103.24,104.57,103.24,,,,0,12,5
2013-02-20 00:00:00,,,,103.88,104.24,102.98,,,,0,12,5
2013-02-21 00:00:00,,,,103,103.35,101.78,,,,,,
2013-02-22 00:00:00,,,,102.79,103.99,102.38,,,,0,13,5
2013-02-25 00:00:00,,,,103.82,104.63,102.12,,,,0,13,5
2013-02-26 00:00:00,,,,102.56,104.41,102.56,,,,0,13,5
2013-02-27 00:00:00,,,,103.53,106.31,103.53,,,,0,13,5
2013-02-28 00:00:00,,,,105.66,107.03,105.6,,,,0,13,5
2013-03-01 00:00:00,,,,106.02,107.94,105.57,,,,0,13,5
2013-03-04 00:00:00,,,,107.26,107.79,106.15,,,,0,13,5
2013-03-05 00:00:00,,,,107.47,108.73,107.37,,,,0,13,5
2013-03-06 00:00:00,,,,108.51,109.46,108.24,,,,,,
2013-03-07 00:00:00,,,,108.25,109.13,107.84,,,,0,13,5
2013-03-08 00:00:00,,,,108.54,109.54,108.23,,,,0,13,5
2013-03-11 00:00:00,,,,109.22,110,109.02,,,,0,13,5
2013-03-12 00:00:00,,,,109.64,110.83,109.39,,,,,,
2013-03-13 00:00:00,,,,109.76,111.18,109.71,,,,,,
2013-03-14 00:00:00,,,,110.73,111.52,110.73,,,,0,13,5
2013-03-15 00:00:00,,,,111.23,111.25,110.11,,,,0,13,5
2013-03-18 00:00:00,,,,109.87,110.16,109.42,,,,,,
2013-03-19 00:00:00,,,,108.25,108.25,104.52,,,,0,13,5
2013-03-20 00:00:00,,,,107.44,107.88,106.65,,,,0,13,5
2013-03-21 00:00:00,,,,106.77,107.45,106.03,,,,0,13,5
2013-03-22 00:00:00,,,,107.05,107.96,106.98,,,,,,
2013-03-25 00:00:00,,,,108.29,108.65,107.43,,,,0,13,5
2013-03-26 00:00:00,,,,108.25,108.72,107.76,,,,,,
2013-03-27 00:00:00,,,,107.46,107.97,107.13,,,,0,13,5
2013-03-28 00:00:00,,,,107.7,108.02,107.32,,,,0,13,5
2013-04-01 00:00:00,,,,107.77,108.32,107.64,,,,0,13,5
2013-04-02 00:00:00,,,,108.4,109.3,108.2,,,,,,
2013-04-03 00:00:00,,,,108.56,109,107.27,,,,,,
2013-04-04 00:00:00,,,,107.59,108.67,107.11,,,,,,
2013-04-05 00:00:00,,,,106.94,107.5,106.49,,,,0,13,5
2013-04-08 00:00:00,,,,106.67,107.55,106.27,,,,0,13,5
2013-04-09 00:00:00,,,,107.18,107.31,106.77,,,,0,13,5
2013-04-10 00:00:00,,,,107.33,107.94,107.3,,,,,,
2013-04-11 00:00:00,,,,107.65,109.67,107.65,,,,,,
2013-04-12 00:00:00,,,,108.54,109.37,107.88,,,,,,
2013-04-15 00:00:00,,,,107.99,108.58,106.93,,,,0,13,5
2013-04-16 00:00:00,,,,107,107.82,106.45,,,,,,
2013-04-17 00:00:00,,,,107.15,107.27,106.35,,,,0,13,5
2013-04-18 00:00:00,,,,106.9,106.9,104.95,,,,0,13,5
2013-04-19 00:00:00,,,,105.72,106.55,104.83,,,,,,
2013-04-22 00:00:00,,,,105.94,106.78,105.75,,,,0,13,5
2013-04-23 00:00:00,,,,106.51,107.69,105.66,,,,0,13,5
2013-04-24 00:00:00,,,,106.44,107.15,106.3,,,,0,13,5
2013-04-25 00:00:00,,,,107.04,108.13,104.59,,,,0,13,5
2013-04-26 00:00:00,,,,104.94,105.3,103.96,,,,0,13,5
2013-04-29 00:00:00,,,,104.17,105.16,102.68,,,,0,13,5
2013-04-30 00:00:00,,,,104.45,105.83,103.54,,,,,,
2013-05-01 00:00:00,,,,105.81,106.1,105.29,,,,,,
2013-05-02 00:00:00,,,,106.25,107.44,105.8,,,,,,
2013-05-03 00:00:00,,,,108.05,108.56,107.19,,,,,,
2013-05-06 00:00:00,,,,108.04,109.02,108.01,,,,0,13,5
2013-05-07 00:00:00,,,,108.4,108.71,107.84,,,,0,13,5
2013-05-08 00:00:00,,,,113.1,116.11,112.51,,,,0,13,5
2013-05-09 00:00:00,,,,116.07,116.94,115.21,,,,,,
2013-05-10 00:00:00,,,,115.59,115.78,114.85,,,,,,
2013-05-13 00:00:00,,,,114.97,115.05,114.21,,,,,,
2013-05-14 00:00:00,,,,114.51,115.63,114.51,,,,,,
2013-05-15 00:00:00,,,,115.32,117.2,115.32,,,,0,13,5
2013-05-16 00:00:00,,,,115.74,116.32,115.33,,,,,,
2013-05-17 00:00:00,,,,115.51,117,115.51,,,,,,
2013-05-20 00:00:00,,,,116.63,118.82,116.63,,,,0,13,5
2013-05-21 00:00:00,,,,118,118.57,117.13,,,,0,13,5
2013-05-22 00:00:00,,,,117.95,119.32,117.2,,,,0,13,5
2013-05-23 00:00:00,,,,116.72,117.74,116.18,,,,0,13,5
2013-05-24 00:00:00,,,,116.79,117.63,116.09,,,,0,13,5
2013-05-27 00:00:00,,,,,,,,,,0,13,5
2013-05-28 00:00:00,,,,117.8,118.19,115.23,,,,,,
2013-05-29 00:00:00,,,,114.16,114.79,113.01,,,,0,13,5
2013-05-30 00:00:00,,,,114.22,115.42,113.58,,,,,,
2013-05-31 00:00:00,,,,114.59,115.66,113.81,,,,0,13,6
2013-06-03 00:00:00,,,,114.28,114.28,111.83,,,,0,13,6
2013-06-04 00:00:00,,,,112.54,113.29,111.37,,,,,,
2013-06-05 00:00:00,,,,111.62,112.81,111.41,,,,0,13,6
2013-06-06 00:00:00,,,,111.79,112.31,111.22,,,,,,
2013-06-07 00:00:00,,,,112.65,114.85,112.65,,,,0,13,6
2013-06-10 00:00:00,,,,114.1,115.3,114.1,,,,0,13,6
2013-06-11 00:00:00,,,,113.63,114.31,112.72,,,,0,12,6
2013-06-12 00:00:00,,,,113.76,114,111.99,,,,0,12,6
2013-06-13 00:00:00,,,,112.18,113.94,111.32,,,,0,12,6
2013-06-14 00:00:00,,,,113.63,115.21,113.6,,,,,,
2013-06-17 00:00:00,,,,115.01,115.19,113.72,,,,0,12,6
2013-06-18 00:00:00,,,,114.83,115.76,114.39,,,,,,
2013-06-19 00:00:00,,,,114.79,115.93,113.92,,,,,,
2013-06-20 00:00:00,,,,113.28,113.28,110.43,,,,0,12,6
2013-06-21 00:00:00,,,,111.81,112.88,110.55,,,,0,12,6
2013-06-24 00:00:00,,,,110.57,111.97,109.84,,,,0,12,6
2013-06-25 00:00:00,,,,112.04,112.04,110.56,,,,,,
2013-06-26 00:00:00,,,,111.51,115.66,110.8,,,,0,12,6
2013-06-27 00:00:00,,,,115.83,117.19,115.37,,,,0,12,6
2013-06-28 00:00:00,,,,115.57,115.99,114.5,,,,,,
2013-07-01 00:00:00,,,,115.57,116.77,115.3,,,,0,12,6
2013-07-02 00:00:00,,,,115.98,116,113.83,,,,,,
2013-07-03 00:00:00,,,,113.82,114.82,113.36,,,,,,
2013-07-05 00:00:00,,,,115.7,115.78,114.64,,,,0,12,6
2013-07-08 00:00:00,,,,116,117.04,115.81,,,,,,
2013-07-09 00:00:00,,,,116.5,117.25,115.93,,,,0,11,6
2013-07-10 00:00:00,,,,116.2,117.66,114.82,,,,,,
2013-07-11 00:00:00,,,,118,118.45,117.8,,,,0,11,6
2013-07-12 00:00:00,,,,118.46,118.74,117.55,,,,,,
2013-07-15 00:00:00,,,,118.96,119.53,118.36,,,,0,11,6
2013-07-16 00:00:00,,,,119.4,119.56,117.98,,,,,,
2013-07-17 00:00:00,,,,118.42,118.62,117.66,,,,0,11,6
2013-07-18 00:00:00,,,,118.39,119.03,118.01,,,,0,11,6
2013-07-19 00:00:00,,,,118.38,118.94,117.53,,,,,,
2013-07-22 00:00:00,,,,118.7,119.4,118.34,,,,0,11,6
2013-07-23 00:00:00,,,,118.78,118.78,117.65,,,,0,11,6
2013-07-24 00:00:00,,,,118.74,118.74,117.79,,,,,,
2013-07-25 00:00:00,,,,118.22,118.69,117.28,,,,0,11,6
2013-07-26 00:00:00,,,,122,126.36,122,,,,0,11,6
2013-07-29 00:00:00,,,,124.36,124.44,122.89,,,,0,11,6
2013-07-30 00:00:00,,,,123.94,124.37,123.13,,,,,,
2013-07-31 00:00:00,,,,123.33,124,122.39,,,,,,
2013-08-01 00:00:00,,,,123.26,123.86,122.62,,,,,,
2013-08-02 00:00:00,,,,123.06,123.57,122.62,,,,,,
2013-08-05 00:00:00,,,,122.38,124.06,122.31,,,,0,11,6
2013-08-06 00:00:00,,,,123.54,123.79,122.46,,,,,,
2013-08-07 00:00:00,,,,123.43,123.7,122.67,,,,,,
2013-08-08 00:00:00,,,,123.91,124.65,123.39,,,,,,
2013-08-09 00:00:00,,,,124.28,124.56,123.28,,,,,,
2013-08-12 00:00:00,,,,123.98,124,122.58,,,,,,
2013-08-13 00:00:00,,,,123,123.86,122.59,,,,,,
2013-08-14 00:00:00,,,,123.61,123.98,123.26,,,,0,11,6
2013-08-15 00:00:00,,,,122.82,123.08,121.63,,,,0,11,6
2013-08-16 00:00:00,,,,122,122.79,121.61,,,,,,
2013-08-19 00:00:00,,,,121.55,122.4,121.55,,,,0,11,6
2013-08-20 00:00:00,,,,121.64,122.98,121.64,,,,,,
2013-08-21 00:00:00,,,,122.41,123.08,121.98,,,,0,11,6
2013-08-22 00:00:00,,,,122.13,123.11,122,,,,,,
2013-08-23 00:00:00,,,,122.94,123.16,122,,,,0,11,6
2013-08-26 00:00:00,,,,123.27,123.27,122.28,,,,0,11,6
2013-08-27 00:00:00,,,,121.53,121.74,120.52,,,,,,
2013-08-28 00:00:00,,,,120.61,121.84,120.28,,,,,,
2013-08-29 00:00:00,,,,120.65,122.35,120.23,,,,0,11,6
2013-08-30 00:00:00,,,,121.74,122.18,120.78,,,,0,11,6
2013-09-03 00:00:00,,,,122.77,124.11,121.81,,,,0,11,6
2013-09-04 00:00:00,,,,122.58,123.4,122.09,,,,,,
2013-09-05 00:00:00,,,,122.79,123.4,122.58,,,,,,
2013-09-06 00:00:00,,,,122.98,124.46,121.38,,,,,,
2013-09-09 00:00:00,,,,123.74,124.52,123.33,,,,,,
2013-09-10 00:00:00,,,,125,125.94,124.54,,,,,,
2013-09-11 00:00:00,,,,125.97,127.7,125.64,,,,0,11,6
2013-09-12 00:00:00,,,,127.8,129.55,127.8,,,,,,
2013-09-13 00:00:00,,,,128.54,128.92,128,,,,,,
2013-09-16 00:00:00,,,,130.03,130.42,129.44,,,,0,11,6
2013-09-17 00:00:00,,,,129.83,131.38,129.78,,,,,,
2013-09-18 00:00:00,,,,131.21,131.87,129.63,,,,0,12,6
2013-09-19 00:00:00,,,,131.9,133.33,131.64,,,,,,
2013-09-20 00:00:00,,,,131.78,132.46,130.78,,,,0,12,6
2013-09-23 00:00:00,,,,131.07,131.3,129.21,,,,0,12,6
2013-09-24 00:00:00,,,,129.2,129.71,127.47,,,,0,12,6
2013-09-25 00:00:00,,,,128.74,129.91,128.4,,,,0,12,6
2013-09-26 00:00:00,,,,128.58,129.05,127.94,,,,,,
2013-09-27 00:00:00,,,,128.19,129.76,128.04,,,,,,
2013-09-30 00:00:00,,,,128.4,128.67,128,,,,0,12,6
2013-10-01 00:00:00,,,,129.46,131.82,129.25,,,,0,12,6
2013-10-02 00:00:00,,,,130.84,130.84,129.55,,,,,,
2013-10-03 00:00:00,,,,129.87,130.03,128.87,,,,,,
2013-10-04 00:00:00,,,,129.9,131.99,129.51,,,,,,
2013-10-07 00:00:00,,,,130.43,130.69,129.57,,,,,,
2013-10-08 00:00:00,,,,138,138.19,133.38,,,,0,12,6
2013-10-09 00:00:00,,,,134.12,134.32,132.83,,,,0,13,5
2013-10-10 00:00:00,,,,134.56,138.01,134.56,,,,,,
2013-10-11 00:00:00,,,,137.88,139,137.24,,,,,,
2013-10-14 00:00:00,,,,137.13,138.78,136.82,,,,0,13,5
2013-10-15 00:00:00,,,,138.25,139.35,137.42,,,,0,12,5
2013-10-16 00:00:00,,,,139.07,141.19,139.01,,,,0,12,5
2013-10-17 00:00:00,,,,140.52,142.9,140.5,,,,,,
2013-10-18 00:00:00,,,,143.47,143.83,140.76,,,,,,
2013-10-21 00:00:00,,,,141.5,142.04,140.46,,,,0,12,5
2013-10-22 00:00:00,,,,141.82,143.15,141.58,,,,0,12,5
2013-10-23 00:00:00,,,,142.6,145,141.27,,,,,,
2013-10-24 00:00:00,,,,154.99,154.99,147.68,,,,1,10,4
2013-10-25 00:00:00,,,,152.64,156.26,151.05,,,,1,11,3
2013-10-28 00:00:00,,,,153,153.87,152.13,,,,1,12,3
2013-10-29 00:00:00,,,,153.44,155.95,153.31,,,,1,12,3
2013-10-30 00:00:00,,,,156.26,157.35,155.33,,,,1,12,3
2013-10-31 00:00:00,,,,156.16,158.33,155.44,,,,,,
2013-11-01 00:00:00,,,,156.29,159.55,156,,,,,,
2013-11-04 00:00:00,,,,159.42,159.78,158.53,,,,,,
2013-11-05 00:00:00,,,,159.61,159.71,158.42,,,,,,
2013-11-06 00:00:00,,,,158.97,158.97,154.04,,,,1,12,3
2013-11-07 00:00:00,,,,157.53,158,155.82,,,,,,
2013-11-08 00:00:00,,,,155.91,158.63,155.91,,,,,,
2013-11-11 00:00:00,,,,158.8,159.49,157.78,,,,,,
2013-11-12 00:00:00,,,,158.48,159.63,156.86,,,,,,
2013-11-13 00:00:00,,,,157.31,157.9,156.54,,,,1,12,3
2013-11-14 00:00:00,,,,157.87,159.77,155.92,,,,,,
2013-11-15 00:00:00,,,,159.35,160.59,159.07,,,,1,12,3
2013-11-18 00:00:00,,,,160.95,161.08,158.58,,,,1,12,3
2013-11-19 00:00:00,,,,159,159.68,157.38,,,,,,
2013-11-20 00:00:00,,,,159.67,159.7,157.86,,,,1,13,3
2013-11-21 00:00:00,,,,159.28,161.14,158.39,,,,1,13,3
2013-11-22 00:00:00,,,,160.9,163.99,160.431,,,,,,
2013-11-25 00:00:00,,,,163.95,166.05,163.62,,,,,,
2013-11-26 00:00:00,,,,164.97,165.378,163.59,,,,1,13,3
2013-11-27 00:00:00,,,,165.1,165.51,163.86,,,,,,
2013-11-29 00:00:00,,,,165.73,166.52,165.25,,,,,,
2013-12-02 00:00:00,,,,165.88,166.25,164.18,,,,1,13,3
2013-12-03 00:00:00,,,,163.1,164.74,162.67,,,,,,
2013-12-04 00:00:00,,,,163.52,165.16,161.97,,,,,,
2013-12-05 00:00:00,,,,162.56,163.17,159.78,,,,,,
2013-12-06 00:00:00,,,,160.92,163.07,160.72,,,,,,
2013-12-09 00:00:00,,,,163.43,164.63,162.85,,,,1,13,3
2013-12-10 00:00:00,,,,158.5,161.52,158.5,,,,1,13,3
2013-12-11 00:00:00,,,,160.69,160.69,157.87,,,,,,
2013-12-12 00:00:00,,,,158.01,158.18,156.02,,,,,,
2013-12-13 00:00:00,,,,157.96,157.96,156.03,,,,,,
2013-12-16 00:00:00,,,,158.41,158.44,157.156,,,,1,13,3
2013-12-17 00:00:00,,,,157.63,158.74,156.82,,,,1,13,3
2013-12-18 00:00:00,,,,159.33,161.06,156.81,,,,1,13,3
2013-12-19 00:00:00,,,,160,160.68,158.5,,,,1,13,3
2013-12-20 00:00:00,,,,160.82,162.65,160.82,,,,1,13,3
2013-12-23 00:00:00,,,,161.52,161.94,158.31,,,,1,13,3
2013-12-24 00:00:00,,,,160.84,160.84,159.32,,,,1,13,3
2013-12-26 00:00:00,,,,160.51,161.62,160.21,,,,,,
2013-12-27 00:00:00,,,,161.71,161.98,160.16,,,,,,
2013-12-30 00:00:00,,,,160.95,161.18,160,,,,,,
2013-12-31 00:00:00,,,,161.34,161.98,160.59,,,,,,
2014-01-02 00:00:00,,,,160.25,160.94,159.47,,,,,,
2014-01-03 00:00:00,,,,160.25,162.07,160.25,,,,,,
2014-01-06 00:00:00,,,,166.39,166.5,159.93,,,,1,13,3
2014-01-07 00:00:00,,,,160.74,163.28,160.14,,,,1,13,3
2014-01-08 00:00:00,,,,165.6,173.08,165.6,,,,1,13,3
2014-01-09 00:00:00,,,,176,176.98,174.2,,,,1,13,3
2014-01-10 00:00:00,,,,175.63,175.86,174.35,,,,,,
2014-01-13 00:00:00,,,,175.03,175.37,160.52,,,,1,13,3
2014-01-14 00:00:00,,,,167,168.98,164.41,,,,1,13,3
2014-01-15 00:00:00,,,,167.32,167.67,165.83,,,,,,
2014-01-16 00:00:00,,,,167.45,169.02,167.25,,,,1,13,3
2014-01-17 00:00:00,,,,168.81,168.81,167.25,,,,,,
2014-01-21 00:00:00,,,,169.5,170,167.62,,,,1,13,3
2014-01-22 00:00:00,,,,168.6,170.36,167.39,,,,,,
2014-01-23 00:00:00,,,,174,174.06,170.91,,,,1,13,3
2014-01-24 00:00:00,,,,176.26,177.5,173.42,,,,1,14,2
2014-01-27 00:00:00,,,,173.38,175.23,171.8,,,,1,14,2
2014-01-28 00:00:00,,,,172.5,175.63,172.5,,,,1,14,2
2014-01-29 00:00:00,,,,173.62,175,172.74,,,,,,
2014-01-30 00:00:00,,,,175.8,177.48,175.11,,,,1,14,2
2014-01-31 00:00:00,,,,175.48,177,173.65,,,,1,14,2
2014-02-03 00:00:00,,,,174.69,174.84,169.91,,,,1,14,2
2014-02-04 00:00:00,,,,171,171.15,168.86,,,,,,
2014-02-05 00:00:00,,,,168.59,169.14,167.02,,,,1,14,2
2014-02-06 00:00:00,,,,169.05,173.08,168.02,,,,1,14,2
2014-02-07 00:00:00,,,,172.25,175,171.86,,,,1,15,2
2014-02-10 00:00:00,,,,174.52,174.99,171.94,,,,1,15,2
2014-02-11 00:00:00,,,,172.17,175.25,171.56,,,,,,
2014-02-12 00:00:00,,,,175.27,176.31,173.74,,,,1,15,2
2014-02-13 00:00:00,,,,174.28,175.83,174.18,,,,,,
2014-02-14 00:00:00,,,,175.66,176.27,175.22,,,,,,
2014-02-18 00:00:00,,,,176.12,179,176.03,,,,1,16,2
2014-02-19 00:00:00,,,,177.94,179.4,176.8,,,,,,
2014-02-20 00:00:00,,,,177.44,178.61,176.01,,,,,,
2014-02-21 00:00:00,,,,177.63,178.2,176.18,,,,,,
2014-02-24 00:00:00,,,,176.45,178.11,176.29,,,,,,
2014-02-25 00:00:00,,,,176.46,177.97,176.31,,,,,,
2014-02-26 00:00:00,,,,176.68,177.22,174.3,,,,1,16,2
2014-02-27 00:00:00,,,,174.78,174.92,173.49,,,,,,
2014-02-28 00:00:00,,,,174.75,178.31,174.17,,,,1,16,2
2014-03-03 00:00:00,,,,175.19,176.92,174.94,,,,1,16,2
2014-03-04 00:00:00,,,,177.94,181.37,177.75,,,,1,16,2
2014-03-05 00:00:00,,,,181.25,182.53,180.63,,,,1,16,2
2014-03-06 00:00:00,,,,182.29,184,181.67,,,,1,16,2
2014-03-07 00:00:00,,,,182.98,183.48,181.51,,,,1,16,2
2014-03-10 00:00:00,,,,182.35,182.57,179.16,,,,,,
2014-03-11 00:00:00,,,,180.99,183.5,180.6,,,,,,
2014-03-12 00:00:00,,,,182,183.72,180.6,,,,1,16,2
2014-03-13 00:00:00,,,,184.09,185.88,183.32,,,,1,16,2
2014-03-14 00:00:00,,,,183.06,183.76,180.44,,,,,,
2014-03-17 00:00:00,,,,181.22,183.12,181.12,,,,,,
2014-03-18 00:00:00,,,,181.89,183.38,181.19,,,,1,16,2
2014-03-19 00:00:00,,,,183.57,183.63,180.95,,,,,,
2014-03-20 00:00:00,,,,181.9,185.68,181.88,,,,,,
2014-03-21 00:00:00,,,,187.98,188,180.75,,,,,,
2014-03-24 00:00:00,,,,181.14,181.39,176.6,,,,,,
2014-03-25 00:00:00,,,,177.8,178.9,174.51,,,,,,
2014-03-26 00:00:00,,,,177.51,178.23,173.84,,,,,,
2014-03-27 00:00:00,,,,173.29,174.69,171.59,,,,,,
2014-03-28 00:00:00,,,,173.49,175.69,173.48,,,,,,
2014-03-31 00:00:00,,,,177,177.96,176.025,,,,,,
2014-04-01 00:00:00,,,,177.26,178.09,174.27,,,,1,16,2
2014-04-02 00:00:00,,,,176.29,176.74,174.68,,,,1,15,2
2014-04-03 00:00:00,,,,175.68,176.21,173.35,,,,,,
2014-04-04 00:00:00,,,,174.11,175.49,170.77,,,,1,15,2
2014-04-07 00:00:00,,,,170.96,172.33,165.33,,,,,,
2014-04-08 00:00:00,,,,168.16,169.99,167.34,,,,,,
2014-04-09 00:00:00,,,,168.6,173.03,167.8,,,,1,16,2
2014-04-10 00:00:00,,,,173.05,173.05,166.72,,,,1,16,2
2014-04-11 00:00:00,,,,165.99,167.65,162.9,,,,1,16,2
2014-04-14 00:00:00,,,,165.88,168.65,165.25,,,,1,16,3
2014-04-15 00:00:00,,,,167.52,168.47,164.34,,,,1,16,3
2014-04-16 00:00:00,,,,170.12,170.93,168.52,,,,1,16,3
2014-04-17 00:00:00,,,,169.49,172.2,169.34,,,,1,16,3
2014-04-21 00:00:00,,,,170.49,172.39,169.94,,,,,,
2014-04-22 00:00:00,,,,172.2,173.33,170.94,,,,1,16,3
2014-04-23 00:00:00,,,,171.24,171.69,170.16,,,,1,16,3
2014-04-24 00:00:00,,,,171.42,172.24,170.34,,,,,,
2014-04-25 00:00:00,,,,170.47,170.62,167.66,,,,,,
2014-04-28 00:00:00,,,,168.88,170.31,166.33,,,,,,
2014-04-29 00:00:00,,,,168.23,169.5,166.95,,,,,,
2014-04-30 00:00:00,,,,168.37,169.25,167.57,,,,,,
2014-05-01 00:00:00,,,,167.45,170,164.64,,,,,,
2014-05-02 00:00:00,,,,168.5,169.12,166.73,,,,,,
2014-05-05 00:00:00,,,,165.83,169.08,165.4,,,,,,
2014-05-06 00:00:00,,,,167.97,168.44,166.81,,,,1,16,3
2014-05-07 00:00:00,,,,167.29,167.67,165.69,,,,,,
2014-05-08 00:00:00,,,,166.79,167.37,165.55,,,,,,
2014-05-09 00:00:00,,,,166.17,171.03,165.81,,,,1,16,3
2014-05-12 00:00:00,,,,172.03,174.29,171.73,,,,1,16,3
2014-05-13 00:00:00,,,,180.5,180.95,177.71,,,,1,16,3
2014-05-14 00:00:00,,,,178.47,179.47,177.68,,,,1,16,3
2014-05-15 00:00:00,,,,177.4,177.87,176.31,,,,1,16,3
2014-05-16 00:00:00,,,,176.51,178.35,175.83,,,,,,
2014-05-19 00:00:00,,,,177.8,181.23,177.76,,,,1,16,3
2014-05-20 00:00:00,,,,180.54,181.24,178.95,,,,1,16,3
2014-05-21 00:00:00,,,,180.26,183.62,180.26,,,,,,
2014-05-22 00:00:00,,,,183.26,185.39,183.13,,,,1,16,3
2014-05-23 00:00:00,,,,184.12,184.39,182.91,,,,1,16,3
2014-05-27 00:00:00,,,,183.26,184.14,182.62,,,,1,16,3
2014-05-28 00:00:00,,,,182.5,184.33,182.4,,,,1,16,3
2014-05-29 00:00:00,,,,183.11,188.67,182.62,,,,1,16,3
2014-05-30 00:00:00,,,,188.44,189.74,187.4,,,,1,16,3
2014-06-02 00:00:00,,,,189.84,190.24,188.85,,,,1,16,2
2014-06-03 00:00:00,,,,190,192,189.73,,,,1,16,2
2014-06-04 00:00:00,,,,191.13,191.2,188.54,,,,,,
2014-06-05 00:00:00,,,,190.28,190.58,188.53,,,,,,
2014-06-06 00:00:00,,,,189.5,189.65,188.1,,,,1,16,2
2014-06-09 00:00:00,,,,188.57,189,186.64,,,,,,
2014-06-10 00:00:00,,,,185.96,186.97,184.53,,,,1,16,2
2014-06-11 00:00:00,,,,184.99,187.46,184.08,,,,,,
2014-06-12 00:00:00,,,,186.28,186.53,182.35,,,,,,
2014-06-13 00:00:00,,,,183.34,183.99,182.09,,,,,,
2014-06-16 00:00:00,,,,182.72,183.46,181.79,,,,,,
2014-06-17 00:00:00,,,,181.79,185.02,181.69,,,,,,
2014-06-18 00:00:00,,,,184.55,185.69,182.48,,,,1,16,2
2014-06-19 00:00:00,,,,185.96,186.78,184,,,,1,16,2
2014-06-20 00:00:00,,,11.666,185.86,186.26,185.19,,,,1,16,2
2014-06-23 00:00:00,,,11.711,184.83,186.6,184.12,,,,1,16,2
2014-06-24 00:00:00,,,11.599,182.5,186.68,182.5,,,,,,
2014-06-25 00:00:00,,,11.783,184.49,187.93,183.73,,,,1,16,2
2014-06-26 00:00:00,,,11.83,187.48,188.85,187.48,,,,1,16,2
2014-06-27 00:00:00,,,11.882,188.22,189.26,187.9,,,,,,
2014-06-30 00:00:00,,,11.711,189,189.05,185.77,,,,,,
2014-07-01 00:00:00,,,11.916,186.5,190.13,185.93,,,,1,16,2
2014-07-02 00:00:00,,,11.914,189,190.68,188.86,,,,1,16,2
2014-07-03 00:00:00,,,11.897,189.41,190.22,188.48,,,,1,16,2
2014-07-04 00:00:00,,,11.897,,,,,,,,,
2014-07-07 00:00:00,,,11.873,189.93,190.72,188.86,,,,1,16,2
2014-07-08 00:00:00,,,11.772,189.11,189.99,185.69,,,,1,16,2
2014-07-09 00:00:00,,,11.879,188.34,190.01,187.44,,,,,,
2014-07-10 00:00:00,,,11.834,187.88,189.78,187.45,,,,1,16,2
2014-07-11 00:00:00,,,11.833,188.99,189.28,187.64,,,,1,16,2
2014-07-14 00:00:00,,,11.923,190,190.62,189.02,,,,1,16,2
2014-07-15 00:00:00,,,11.82,189.96,190.15,188.01,,,,1,16,2
2014-07-16 00:00:00,,,11.798,189.6,189.6,187.18,,,,1,16,2
2014-07-17 00:00:00,,,11.817,188.28,190.45,188.05,,,,1,16,2
2014-07-18 00:00:00,,,11.988,188.92,191.52,188.24,,,,,,
2014-07-21 00:00:00,,,11.8,190.38,190.65,188.05,,,,1,16,2
2014-07-22 00:00:00,,,11.947,189.05,191.01,188.71,,,,1,16,2
2014-07-23 00:00:00,,,11.94,191.07,191.19,189.78,,,,,,
2014-07-24 00:00:00,,,12.121,192.71,194.8,191.69,,,,,,
2014-07-25 00:00:00,,,12.01,193.2,195.19,191.5,,,,,,
2014-07-28 00:00:00,,,11.986,191.82,191.96,189.86,,,,1,16,2
2014-07-29 00:00:00,,,11.966,191.66,192.4,190.84,,,,1,16,2
2014-07-30 00:00:00,,,11.975999999999999,191.57,192.39,190.38,,,,,,
2014-07-31 00:00:00,,,12.014,192.97,195.83,191.48,,,,1,16,2
2014-08-01 00:00:00,,,12.237,193.01,195.51,190.24,,,,0,17,2
2014-08-04 00:00:00,,,12.127,196.04,196.4,191.74,,,,0,17,2
2014-08-05 00:00:00,,,12.011,192.1,193.5,190.99,,,,0,17,2
2014-08-06 00:00:00,,,11.925,191.07,192.95,189.84,,,,0,17,2
2014-08-07 00:00:00,,,11.683,190.75,190.75,185.86,,,,0,17,2
2014-08-08 00:00:00,,,11.887,186.86,189.98,186.54,,,,,,
2014-08-11 00:00:00,,,11.978,190.85,192.55,190.35,,,,,,
2014-08-12 00:00:00,,,11.783,190.3,191.12,187.9,,,,,,
2014-08-13 00:00:00,,,11.882,189.55,190.57,189.13,,,,,,
2014-08-14 00:00:00,,,12.031,190.42,192.26,190.42,,,,,,
2014-08-15 00:00:00,,,11.969,192.74,193.47,189.81,,,,,,
2014-08-18 00:00:00,,,12.03,192.52,192.52,190.8,,,,,,
2014-08-19 00:00:00,,,12.16,192.18,194.58,192.04,,,,,,
2014-08-20 00:00:00,,,12.122,193.74,194.46,193.28,,,,,,
2014-08-21 00:00:00,,,12.113,193.86,194.29,193,,,,,,
2014-08-22 00:00:00,,,12.023,193.56,193.94,191.65,,,,0,17,2
2014-08-25 00:00:00,,,12.142,193.11,194.69,192.34,,,,0,17,2
2014-08-26 00:00:00,,,12.133,193.81,194.09,193.01,,,,0,17,2
2014-08-27 00:00:00,,,12.025,194.11,194.11,191.421,,,,0,17,2
2014-08-28 00:00:00,,,12.088,191.33,193.35,191.33,,,,,,
2014-08-29 00:00:00,,,12.212,193.99,195.11,193.02,,,,,,
2014-09-01 00:00:00,,,12.212,,,,,,,,,
2014-09-02 00:00:00,,,12.23,195,195.32,193.02,,,,0,17,2
2014-09-03 00:00:00,,,12.209,196,196,194.32,,,,,,
2014-09-04 00:00:00,,,12.252,195.4,196.92,194.94,,,,,,
2014-09-05 00:00:00,,,12.42,195.55,198.34,195.13,,,,0,17,2
2014-09-08 00:00:00,,,12.5,198.4,200,198.4,,,,,,
2014-09-09 00:00:00,,,12.304,199.6,199.93,196.3,,,,0,17,2
2014-09-10 00:00:00,,,12.244,196.29,196.65,195.26,,,,,,
2014-09-11 00:00:00,,,12.127,195.15,195.47,193.02,,,,,,
2014-09-12 00:00:00,,,12.051,194,194.1,191.97,,,,,,
2014-09-15 00:00:00,,,12.009,193.1,193.1,191.01,,,,,,
2014-09-16 00:00:00,,,12.229,191.94,195.46,190.33,,,,0,17,2
2014-09-17 00:00:00,,,12.244,195.3,196.17,194.01,,,,0,17,2
2014-09-18 00:00:00,,,12.273,195.61,196.96,195.01,,,,0,17,2
2014-09-19 00:00:00,,,12.26,197.42,197.42,195.73,,,,,,
2014-09-22 00:00:00,,,12.167,194.69,195.25,193.25,,,,,,
2014-09-23 00:00:00,,,12.191,194.98,195.51,193.51,,,,0,17,2
2014-09-24 00:00:00,,,12.354,195.1,197.46,194.66,,,,0,17,2
2014-09-25 00:00:00,,,12.148,196.52,196.65,193.62,,,,,,
2014-09-26 00:00:00,,,12.198,194.16,195.27,193.24,,,,0,17,2
2014-09-29 00:00:00,,,12.306,193.91,196.82,193.62,,,,0,18,2
2014-09-30 00:00:00,,,12.19,196.5,197.01,194.41,,,,0,18,2
2014-10-01 00:00:00,,,12.058,194.92,194.92,191.99,,,,0,18,2
2014-10-02 00:00:00,,,12.201,192.79,196.18,192.79,,,,0,18,2
2014-10-03 00:00:00,,,12.498,196.33,200.86,195.52,,,,0,18,2
2014-10-06 00:00:00,,,12.312,200.05,200.3,196.04,,,,0,18,2
2014-10-07 00:00:00,,,12.126,194.83,195.96,193.62,,,,,,
2014-10-08 00:00:00,,,12.507,194.88,199.77,194.35,,,,0,19,2
2014-10-09 00:00:00,,,12.262,199.59,199.59,195.76,,,,,,
2014-10-10 00:00:00,,,12.146,195.92,198.24,193.95,,,,0,19,2
2014-10-13 00:00:00,,,11.877,194.02,194.02,189.61,,,,0,19,2
2014-10-14 00:00:00,,,11.811,189.99,190.81,185.9,,,,0,19,2
2014-10-15 00:00:00,,,11.585,185.82,187.02,178.3,,,,0,19,2
2014-10-16 00:00:00,,,11.604,181.66,187.32,181.56,,,,0,19,2
2014-10-17 00:00:00,,,11.974,188.57,192.21,187.59,,,,,,
2014-10-20 00:00:00,,,12.091,190.31,193.24,190.31,,,,,,
2014-10-21 00:00:00,,,12.331,195.46,198.04,195.41,,,,0,19,2
2014-10-22 00:00:00,,,12.246,197.4,197.89,195.51,,,,,,
2014-10-23 00:00:00,,,12.445,198.18,199.93,197.69,,,,0,19,2
2014-10-24 00:00:00,,,12.575,198.6,201.33,198.37,,,,0,19,2
2014-10-27 00:00:00,,,12.693,201.37,203.35,200.83,,,,0,19,2
2014-10-28 00:00:00,,,12.599,202.7,202.7,198.86,,,,0,19,2
2014-10-29 00:00:00,,,12.426,195.25,201.83,195.01,,,,0,19,2
2014-10-30 00:00:00,,,12.741,198.47,204.28,198.47,,,,,,
2014-10-31 00:00:00,,,12.737,204.96,206.17,203.22,,,,,,
2014-11-03 00:00:00,,,12.736,204,204.95,202.68,,,,,,
2014-11-04 00:00:00,,,12.733,203.45,203.92,201.71,,,,,,
2014-11-05 00:00:00,,,12.624,204.98,205.93,200.55,,,,0,19,2
2014-11-06 00:00:00,,,12.69,202.09,203.16,200.71,,,,,,
2014-11-07 00:00:00,,,12.481,201.98,201.98,198.23,,,,,,
2014-11-10 00:00:00,,,12.604,199.96,201.64,198.37,,,,,,
2014-11-11 00:00:00,,,12.719,201.33,203.14,200.21,,,,0,19,2
2014-11-12 00:00:00,,,12.719,202.18,203.76,201.49,,,,,,
2014-11-13 00:00:00,,,12.825,203.55,205,203.49,,,,0,19,2
2014-11-14 00:00:00,,,12.852,204.14,205.295,203.16,,,,,,
2014-11-17 00:00:00,,,12.798,204.05,205.82,203.4,,,,,,
2014-11-18 00:00:00,,,13.024,204.38,208,203.99,,,,0,19,2
2014-11-19 00:00:00,,,12.916,207.27,207.75,204.99,,,,,,
2014-11-20 00:00:00,,,12.837,204.72,207.07,203.77,,,,,,
2014-11-21 00:00:00,,,12.847,207.82,207.82,204.11,,,,0,19,2
2014-11-24 00:00:00,,,13.132,206.8,209.83,206.24,,,,0,19,2
2014-11-25 00:00:00,,,13.083,209.38,209.4,207.72,,,,0,19,2
2014-11-26 00:00:00,,,13.039,208.94,209.23,207.06,,,,0,19,2
2014-11-27 00:00:00,,,13.039,,,,,,,,,
2014-11-28 00:00:00,,,13.197,208.94,211.25,208.57,,,,,,
2014-12-01 00:00:00,,,13.075,210.36,210.36,207.85,,,,,,
2014-12-02 00:00:00,,,13.194,208.54,211.32,208.54,,,,0,19,2
2014-12-03 00:00:00,,,13.244,210.61,211.88,209.85,,,,0,19,2
2014-12-04 00:00:00,,,13.264,211.73,212.75,209.925,,,,,,
2014-12-05 00:00:00,,,13.314,212,212.87,210.98,,,,,,
2014-12-08 00:00:00,,,13.324,212.72,214.32,211.49,,,,,,
2014-12-09 00:00:00,,,13.168,210.07,212,208.45,,,,,,
2014-12-10 00:00:00,,,13.032,210.76,211.33,207.93,,,,,,
2014-12-11 00:00:00,,,13.124,209.44,212.06,209.07,,,,,,
2014-12-12 00:00:00,,,12.857,208.85,209.27,205.33,,,,,,
2014-12-15 00:00:00,,,12.924,205.8,208.07,204.91,,,,,,
2014-12-16 00:00:00,,,12.612,205.41,208.08,201.31,,,,,,
2014-12-17 00:00:00,,,12.854,202.83,206.11,202.07,,,,0,19,2
2014-12-18 00:00:00,,,13.273,207.83,211.97,207.49,,,,0,19,2
2014-12-19 00:00:00,,,13.22,212.34,214.11,210.78,,,,0,19,2
2014-12-22 00:00:00,,,13.25,211.47,213.19,210.35,,,,0,19,2
2014-12-23 00:00:00,,,13.1,211.78,212.75,208.83,,,,0,19,2
2014-12-24 00:00:00,,,13.137,209.44,210.78,208.84,,,,,,
2014-12-25 00:00:00,,,13.137,,,,,,,,,
2014-12-26 00:00:00,,,13.159,210,211.48,209.98,,,,,,
2014-12-29 00:00:00,,,13.161,209.17,211.13,209.17,,,,0,19,2
2014-12-30 00:00:00,,,13.125,210.3,211.3,209.44,,,,,,
2014-12-31 00:00:00,,,12.998,210.53,211.33,207.39,,,,,,
2015-01-01 00:00:00,,,12.998,,,,,,,,,
2015-01-02 00:00:00,,,12.974,209.56,209.9,205.78,,,,,,
2015-01-05 00:00:00,,,13.081,206.35,210.085,206.35,,,,0,19,2
2015-01-06 00:00:00,,,13.051,209,211.99,206.86,,,,0,19,2
2015-01-07 00:00:00,,,13.447,210.08,215.08,209.51,,,,0,19,2
2015-01-08 00:00:00,,,13.600999999999999,217.19,218.01,215.02,,,,0,19,2
2015-01-09 00:00:00,,,13.567,217.48,217.92,216.39,,,,,,
2015-01-12 00:00:00,,,13.441,217.55,217.55,213.89,,,,0,19,2
2015-01-13 00:00:00,,,13.441,216.96,218.19,213.02,,,,0,19,2
2015-01-14 00:00:00,,,13.371,213.12,215.32,212.5,,,,,,
2015-01-15 00:00:00,,,13.231,213.63,214.07,211.23,,,,,,
2015-01-16 00:00:00,,,13.399000000000001,210.52,214.23,209.23,,,,,,
2015-01-19 00:00:00,,,13.399000000000001,,,,,,,,,
2015-01-20 00:00:00,,,13.455,215.83,215.96,212.3,,,,0,19,2
2015-01-21 00:00:00,,,13.477,213.76,216.17,213.44,,,,0,19,2
2015-01-22 00:00:00,,,13.706,216.85,219,213.25,,,,0,19,2
2015-01-23 00:00:00,,,13.63,218.86,219.65,217.48,,,,0,19,2
2015-01-26 00:00:00,,,13.709,217.11,219.05,215.87,,,,0,19,2
2015-01-27 00:00:00,,,13.632,217.65,219.01,216,,,,0,19,2
2015-01-28 00:00:00,,,13.647,219.7,222.91,217.65,,,,,,
2015-01-29 00:00:00,,,13.746,217.85,219.7,216.57,,,,,,
2015-01-30 00:00:00,,,13.316,218.65,219.1,212.31,,,,0,19,2
2015-02-02 00:00:00,,,13.452,212.83,214.88,210.63,,,,0,18,2
2015-02-03 00:00:00,,,13.346,215.25,216.11,209.001,,,,0,18,2
2015-02-04 00:00:00,,,13.202,212.43,213.78,210.66,,,,0,18,2
2015-02-05 00:00:00,,,13.517,212.47,217.23,212.47,,,,0,18,2
2015-02-06 00:00:00,,,13.949,220.31,225,218.87,,,,0,18,2
2015-02-09 00:00:00,,,13.667,221.02,221.13,215.8,,,,,,
2015-02-10 00:00:00,,,13.929,218.98,222.9,218.98,,,,0,18,2
2015-02-11 00:00:00,,,14.009,221.63,225,221.63,,,,0,18,2
2015-02-12 00:00:00,,,14.075,225,225,222.98,,,,0,18,2
2015-02-13 00:00:00,,,14.082,224.02,224.96,222.58,,,,,,
2015-02-16 00:00:00,,,14.082,,,,,,,0,18,2
2015-02-17 00:00:00,,,14.155,224.71,226.79,224.35,,,,0,18,2
2015-02-18 00:00:00,,,14.129,225.84,226.49,224.02,,,,0,18,2
2015-02-19 00:00:00,,,14.111,225.27,227.03,224.41,,,,0,18,2
2015-02-20 00:00:00,,,14.349,224.94,229.299,224.83,,,,0,18,2
2015-02-23 00:00:00,,,14.391,229.5,230.21,228.62,,,,,,
2015-02-24 00:00:00,,,14.415,229.82,230.99,229.16,,,,0,18,2
2015-02-25 00:00:00,,,14.377,230.65,231.43,229.53,,,,0,18,2
2015-02-26 00:00:00,,,14.368,228.96,231.22,228.59,,,,0,18,2
2015-02-27 00:00:00,,,14.321,229.15,231.06,228.38,,,,,,
2015-03-02 00:00:00,,,14.291,228.51,230.39,227.63,,,,0,18,2
2015-03-03 00:00:00,,,14.257,228.67,228.85,225.63,,,,0,18,2
2015-03-04 00:00:00,,,14.256,226.71,228.38,224.89,,,,0,18,2
2015-03-05 00:00:00,,,14.352,228.74,230.02,228.04,,,,0,18,2
2015-03-06 00:00:00,,,14.064,228.74,228.74,224.17,,,,,,
2015-03-09 00:00:00,,,14.111,225,225.89,222.65,,,,0,18,2
2015-03-10 00:00:00,,,13.829,223.07,223.07,218.14,,,,0,18,2
2015-03-11 00:00:00,,,13.912,221.45,223,220.91,,,,0,18,2
2015-03-12 00:00:00,,,14.094,223.39,225.27,223.39,,,,0,18,2
2015-03-13 00:00:00,,,14.066,224.7,226.11,223.162,,,,,,
2015-03-16 00:00:00,,,14.373,226.39,230.05,226.39,,,,,,
2015-03-17 00:00:00,,,14.289,228.05,228.86,226.32,,,,0,18,2
2015-03-18 00:00:00,,,14.336,227.52,229.56,226.2,,,,0,18,2
2015-03-19 00:00:00,,,14.136,228.72,228.95,224.4,,,,0,18,2
2015-03-20 00:00:00,,,14.398,226.38,230.21,226.34,,,,0,18,2
2015-03-23 00:00:00,,,14.418,230.22,232.63,229.55,,,,,,
2015-03-24 00:00:00,,,14.302,229.88,231.2,228.3,,,,0,18,2
2015-03-25 00:00:00,,,14.121,228.26,230.13,225.52,,,,0,18,2
2015-03-26 00:00:00,,,14.155,225.14,229.11,223.92,,,,,,
2015-03-27 00:00:00,,,14.158,225.59,227.67,225.23,,,,0,18,2
2015-03-30 00:00:00,,,14.348,228,229.42,226.79,,,,,,
2015-03-31 00:00:00,,,14.164,228.3,230.2,226.2,,,,,,
2015-04-01 00:00:00,,,13.946,226.03,226.5,221.3,,,,,,
2015-04-02 00:00:00,,,13.996,222.6,224.85,222.21,,,,0,18,2
2015-04-03 00:00:00,,,13.996,,,,,,,,,
2015-04-06 00:00:00,,,14.053,222.02,225.68,222.02,,,,0,18,2
2015-04-07 00:00:00,,,13.891,225.14,225.77,221.64,,,,,,
2015-04-08 00:00:00,,,13.932,221.63,222.52,219.51,,,,,,
2015-04-09 00:00:00,,,13.981,222.57,224.34,221.85,,,,,,
2015-04-10 00:00:00,,,14.048,222.96,224.87,222.72,,,,,,
2015-04-13 00:00:00,,,14.024,224.43,226.71,223.96,,,,,,
2015-04-14 00:00:00,,,14.152,224.19,226.21,222.57,,,,0,18,2
2015-04-15 00:00:00,,,14.13,226.56,227.83,225.31,,,,,,
2015-04-16 00:00:00,,,14.187,226,227.53,224.86,,,,0,18,2
2015-04-17 00:00:00,,,14.279,225.15,228.33,223.8,,,,0,18,2
2015-04-20 00:00:00,,,14.354,229.02,231.39,228.75,,,,,,
2015-04-21 00:00:00,,,14.483,230.75,231.63,229.93,,,,0,18,2
2015-04-22 00:00:00,,,14.482,231.23,231.84,230.45,,,,,,
2015-04-23 00:00:00,,,14.346,229.18,230.18,227.52,,,,0,18,2
2015-04-24 00:00:00,,,14.352,229.21,230.57,227.93,,,,,,
2015-04-27 00:00:00,,,14.225,230.56,230.69,226.81,,,,0,18,2
2015-04-28 00:00:00,,,14.309,226.88,228.56,224.46,,,,0,18,2
2015-04-29 00:00:00,,,14.114,227,228.73,224.94,,,,,,
2015-04-30 00:00:00,,,13.989,225.72,228.61,222.72,,,,,,
2015-05-01 00:00:00,,,14.085,224.33,225.39,222.97,,,,,,
2015-05-04 00:00:00,,,14.145,225.03,227.05,225.03,,,,0,18,2
2015-05-05 00:00:00,,,13.95,225.24,225.79,222.3,,,,0,18,2
2015-05-06 00:00:00,,,13.957,222.47,223.87,221.28,,,,,,
2015-05-07 00:00:00,,,14.015,223.1,224.64,222.62,,,,,,
2015-05-08 00:00:00,,,14.344,226.07,229.56,225.99,,,,,,
2015-05-11 00:00:00,,,14.311,228.29,230.27,227.93,,,,0,18,2
2015-05-12 00:00:00,,,14.374,226.51,230.02,226.25,,,,0,18,2
2015-05-13 00:00:00,,,14.152,233,236,231.84,,,,0,18,2
2015-05-14 00:00:00,,,14.585,234.05,239.56,233.83,,,,0,18,2
2015-05-15 00:00:00,,,14.612,239.79,240.74,239.19,,,,0,18,2
2015-05-18 00:00:00,,,14.784,240.44,242.89,239.97,,,,,,
2015-05-19 00:00:00,,,14.775,243.61,243.61,242.03,,,,0,18,2
2015-05-20 00:00:00,,,14.725999999999999,242.35,243.37,240.99,,,,,,
2015-05-21 00:00:00,,,14.582,240.41,241.22,238.46,,,,0,18,2
2015-05-22 00:00:00,,,14.653,239.45,241.7,239,,,,,,
2015-05-25 00:00:00,,,14.653,,,,,,,,,
2015-05-26 00:00:00,,,14.486,239.44,240.81,237.1,,,,0,18,2
2015-05-27 00:00:00,,,14.568,237.5,239.55,237.5,,,,,,
2015-05-28 00:00:00,,,14.485,238.34,239.55,237.35,,,,,,
2015-05-29 00:00:00,,,14.448,238.63,239.44,237.08,,,,,,
2015-06-01 00:00:00,,,14.511,237.43,239.18,235.68,,,,0,18,2
2015-06-02 00:00:00,,,14.41,237.9,239.08,235.34,,,,,,
2015-06-03 00:00:00,,,14.435,236.65,237.89,235.62,,,,,,
2015-06-04 00:00:00,,,14.295,235.94,237,234.051,,,,0,18,2
2015-06-05 00:00:00,,,14.339,234.52,235.6,233.12,,,,,,
2015-06-08 00:00:00,,,14.216,235,235.73,233.42,,,,,,
2015-06-09 00:00:00,,,14.251,234.02,234.589,233.13,,,,0,18,2
2015-06-10 00:00:00,,,14.37,234.21,236.18,232.9,,,,,,
2015-06-11 00:00:00,,,14.471,237.74,238.88,237.08,,,,,,
2015-06-12 00:00:00,,,14.319,237.42,237.46,234.96,,,,,,
2015-06-15 00:00:00,,,14.237,233.83,235.01,232.73,,,,0,18,2
2015-06-16 00:00:00,,,14.278,234.03,235,233.05,,,,0,18,2
2015-06-17 00:00:00,,,14.236,235,235.75,233.13,,,,,,
2015-06-18 00:00:00,,,14.375,233.41,236.4,233.39,,,,0,18,2
2015-06-19 00:00:00,,,14.364,235.7,236.91,235.63,,,,0,18,2
2015-06-22 00:00:00,,,14.358,237.54,238.5,235.57,,,,0,18,2
2015-06-23 00:00:00,,,14.345,236.43,236.48,234.43,,,,0,18,2
2015-06-24 00:00:00,,,14.04,235,235.15,230.52,,,,0,18,2
2015-06-25 00:00:00,,,13.967,230.75,232,228.815,,,,0,18,2
2015-06-26 00:00:00,,,13.881,230.11,230.11,227.66,,,,,,
2015-06-29 00:00:00,,,13.659,226.09,227.71,224.21,,,,,,
2015-06-30 00:00:00,,,13.691,226.14,226.14,223.01,,,,,,
2015-07-01 00:00:00,,,13.75,226.9,227.16,225.04,,,,,,
2015-07-02 00:00:00,,,13.658,226.79,226.95,223.03,,,,,,
2015-07-03 00:00:00,,,13.658,,,,,,,,,
2015-07-06 00:00:00,,,13.677,222.25,225.13,221.81,,,,,,
2015-07-07 00:00:00,,,13.9,225.64,228.3,223.81,,,,,,
2015-07-08 00:00:00,,,13.674,226.55,226.76,224.46,,,,,,
2015-07-09 00:00:00,,,13.818999999999999,227.5,228.05,226.42,,,,,,
2015-07-10 00:00:00,,,13.981,230,230.1,228.69,,,,0,18,2
2015-07-13 00:00:00,,,14.094,231.73,231.98,229.49,,,,,,
2015-07-14 00:00:00,,,14.241,231.64,233.85,230.35,,,,0,18,2
2015-07-15 00:00:00,,,14.278,233.7,235.13,231,,,,0,18,2
2015-07-16 00:00:00,,,14.313,236.58,236.86,234.26,,,,0,18,2
2015-07-17 00:00:00,,,14.279,234.42,235.42,233.31,,,,,,
2015-07-20 00:00:00,,,14.284,234.58,235.05,233.25,,,,0,18,2
2015-07-21 00:00:00,,,14.159,234.96,234.96,230.615,,,,0,18,2
2015-07-22 00:00:00,,,14.337,232.44,235.22,232.08,,,,0,18,2
2015-07-23 00:00:00,,,13.993,235.06,235.09,229.02,,,,,,
2015-07-24 00:00:00,,,13.821,230.01,230.4,226.24,,,,,,
2015-07-27 00:00:00,,,13.705,225.71,226.62,224.2,,,,0,18,2
2015-07-28 00:00:00,,,13.826,226.38,226.97,223.89,,,,0,18,2
2015-07-29 00:00:00,,,13.832,227.32,227.63,224.18,,,,0,18,2
2015-07-30 00:00:00,,,,222,222.45,215.76,,,,0,18,2
2015-07-31 00:00:00,,,,218.1,220.71,217.03,,,,0,18,2
2015-08-03 00:00:00,,,,221.54,223.61,220.67,,,,0,18,2
2015-08-04 00:00:00,,,13.667,224.17,224.18,222.01,,,,0,18,2
2015-08-05 00:00:00,,,13.697,224.73,224.73,222.27,,,,,,
2015-08-06 00:00:00,,,13.39,223.33,223.59,218.23,,,,,,
2015-08-07 00:00:00,,,13.252,218.13,218.13,213.74,,,,,,
2015-08-10 00:00:00,,,13.326,217.62,218.98,216.41,,,,,,
2015-08-11 00:00:00,,,13.214,216.35,216.87,213.55,,,,,,
2015-08-12 00:00:00,,,13.193,213.94,215.63,212.17,,,,,,
2015-08-13 00:00:00,,,13.139,215.21,216.37,214.2,,,,0,18,2
2015-08-14 00:00:00,,,13.199,214.24,215.48,213.48,,,,,,
2015-08-17 00:00:00,,,13.261,214.24,216.4,212.39,,,,,,
2015-08-18 00:00:00,,,13.213,215.79,216.2,213.91,,,,0,18,2
2015-08-19 00:00:00,,,13.213,213.89,216.91,212.92,,,,,,
2015-08-20 00:00:00,,,12.906,213.43,214.12,210.33,,,,0,18,2
2015-08-21 00:00:00,,,12.418,209.02,209.4,202.41,,,,,,
2015-08-24 00:00:00,,,12.128,185.85,202.2,160.16,,,,,,
2015-08-25 00:00:00,,,11.554,203.75,203.75,188.16,,,,0,19,1
2015-08-26 00:00:00,,,12.133,193.23,198.31,189,,,,,,
2015-08-27 00:00:00,,,12.193,200.36,201.035,195.65,,,,0,19,1
2015-08-28 00:00:00,,,12.311,199,201.01,198.01,,,,0,19,1
2015-08-31 00:00:00,,,12.114,200.8,203.2,197,,,,0,19,1
2015-09-01 00:00:00,,,12.004,194.74,198.98,193.88,,,,,,
2015-09-02 00:00:00,,,12.078,198.52,200,195.89,,,,,,
2015-09-03 00:00:00,,,11.954,198.2,199.44,194.16,,,,,,
2015-09-04 00:00:00,,,11.822,193.23,194.29,190,,,,,,
2015-09-07 00:00:00,,,11.822,,,,,,,,,
2015-09-08 00:00:00,,,11.98,196.37,196.37,193.64,,,,,,
2015-09-09 00:00:00,,,11.824,197.26,198.58,192.6,,,,,,
2015-09-10 00:00:00,,,11.963,192.6,196.15,190.98,,,,0,19,1
2015-09-11 00:00:00,,,12.118,194.22,197.75,194.22,,,,0,19,1
2015-09-14 00:00:00,,,12.055,198.03,198.03,195.41,,,,0,19,1
2015-09-15 00:00:00,,,12.288,197.36,200.74,195.71,,,,0,19,1
2015-09-16 00:00:00,,,12.522,202.13,205,201.15,,,,0,18,2
2015-09-17 00:00:00,,,12.551,204.02,207.45,202.71,,,,0,18,2
2015-09-18 00:00:00,,,12.491,203.79,207.94,202.05,,,,0,18,2
2015-09-21 00:00:00,,,12.342,203.88,206.53,200.74,,,,0,18,2
2015-09-22 00:00:00,,,12.2,198.86,199.399,195.87,,,,,,
2015-09-23 00:00:00,,,12.153,198.77,199.82,197.13,,,,0,18,2
2015-09-24 00:00:00,,,12.093,196.78,198.01,193.51,,,,0,18,2
2015-09-25 00:00:00,,,11.786,198.26,198.72,191.41,,,,0,19,1
2015-09-28 00:00:00,,,11.297,191.61,191.61,182.73,,,,0,19,1
2015-09-29 00:00:00,,,11.329,185.16,187.09,183.27,,,,,,
2015-09-30 00:00:00,,,11.345,186.91,187.22,182.66,,,,0,19,1
2015-10-01 00:00:00,,,11.394,184.76,186.2,183.23,,,,0,19,1
2015-10-02 00:00:00,,,11.423,184.2,186.54,182.24,,,,0,19,1
2015-10-05 00:00:00,,,11.617,187.24,190.38,187,,,,,,
2015-10-06 00:00:00,,,11.268,189.56,189.67,182.68,,,,0,19,1
2015-10-07 00:00:00,,,11.328,184.49,185.4,182.93,,,,0,19,1
2015-10-08 00:00:00,,,11.408,184.42,187.02,183.41,,,,0,19,1
2015-10-09 00:00:00,,,11.632,186.21,190.38,186.2,,,,,,
2015-10-12 00:00:00,,,11.672,189.87,191.29,189.33,,,,,,
2015-10-13 00:00:00,,,11.752,190.53,194.35,190.09,,,,0,19,1
2015-10-14 00:00:00,,,11.622,191.32,193.09,189.03,,,,0,19,1
2015-10-15 00:00:00,,,11.865,190.25,193.98,189.9,,,,0,19,1
2015-10-16 00:00:00,,,11.954,194.92,195.92,193.33,,,,,,
2015-10-19 00:00:00,,,11.932,194.58,196.68,193.95,,,,0,19,1
2015-10-20 00:00:00,,,11.594,194.95,195,188.64,,,,0,19,1
2015-10-21 00:00:00,,,11.428,190.32,190.39,184.39,,,,0,19,1
2015-10-22 00:00:00,,,11.111,187.65,188.02,177.6,,,,,,
2015-10-23 00:00:00,,,11.449,182.72,187.3,182.72,,,,,,
2015-10-26 00:00:00,,,11.607,186.7,189.8,185.77,,,,0,19,1
2015-10-27 00:00:00,,,11.398,189.05,192.32,169,,,,0,19,1
2015-10-28 00:00:00,,,11.444,181.75,182.77,177,,,,0,19,1
2015-10-29 00:00:00,,,11.677,187,187.98,180.43,,,,0,19,1
2015-10-30 00:00:00,,,11.21,186.18,186.18,178.02,,,,0,19,1
2015-11-02 00:00:00,,,11.325,179.91,183.18,179.91,,,,0,19,1
2015-11-03 00:00:00,,,11.497,180.67,183.5,178.88,,,,,,
2015-11-04 00:00:00,,,11.404,182.83,183.89,179.34,,,,0,19,1
2015-11-05 00:00:00,,,11.658,181.83,186.18,181.04,,,,0,19,1
2015-11-06 00:00:00,,,11.52,184.86,185.46,181.44,,,,,,
2015-11-09 00:00:00,,,11.482,183.18,184.1,180.68,,,,,,
2015-11-10 00:00:00,,,11.577,183.44,185.36,182.43,,,,,,
2015-11-11 00:00:00,,,11.503,185.05,185.8,182.98,,,,,,
2015-11-12 00:00:00,,,11.292,183,184.98,180,,,,,,
2015-11-13 00:00:00,,,11.278,179.49,182.28,179.49,,,,0,18,1
2015-11-16 00:00:00,,,11.433,179.89,182.6,179.175,,,,0,18,1
2015-11-17 00:00:00,,,11.629,182.79,187,180.51,,,,,,
2015-11-18 00:00:00,,,11.866,185.6,189.56,184.85,,,,0,18,1
2015-11-19 00:00:00,,,11.621,187.5,188.65,184.66,,,,,,
2015-11-20 00:00:00,,,11.892,186.47,190,186.21,,,,0,18,1
2015-11-23 00:00:00,,,11.893,189.93,190.07,188.57,,,,,,
2015-11-24 00:00:00,,,11.9,188.17,190.16,188.17,,,,0,18,1
2015-11-25 00:00:00,,,11.885,189.61,190.615,188.97,,,,,,
2015-11-26 00:00:00,,,11.885,,,,,,,,,
2015-11-27 00:00:00,,,11.935,189.84,191.83,188.97,,,,,,
2015-11-30 00:00:00,,,11.871,190.35,190.82,189.16,,,,,,
2015-12-01 00:00:00,,,11.991,190.15,191.425,189.07,,,,,,
2015-12-02 00:00:00,,,11.912,191.46,192.945,189.58,,,,0,18,1
2015-12-03 00:00:00,,,11.931000000000001,190.05,191.97,187.1,,,,0,18,1
2015-12-04 00:00:00,,,11.946,191,192.06,189.76,,,,,,
2015-12-07 00:00:00,,,11.848,190.6,190.68,187.09,,,,,,
2015-12-08 00:00:00,,,11.844,187.5,190.1,185.94,,,,0,18,1
2015-12-09 00:00:00,,,11.728,187.85,190.5,186,,,,,,
2015-12-10 00:00:00,,,11.942,188,191.38,186.03,,,,,,
2015-12-11 00:00:00,,,11.925,188.72,191,188.72,,,,,,
2015-12-14 00:00:00,,,11.949,190.35,191.3,188.65,,,,,,
2015-12-15 00:00:00,,,11.734,192.24,192.52,186.76,,,,0,18,1
2015-12-16 00:00:00,,,11.957,188.42,191.15,185.94,,,,,,
2015-12-17 00:00:00,,,11.913,191.04,192.1,189.92,,,,0,18,1
2015-12-18 00:00:00,,,12.125,189.63,195.63,189.05,,,,0,18,1
2015-12-21 00:00:00,,,12.245,194.38,195.64,193.01,,,,,,
2015-12-22 00:00:00,,,12.37,195.48,197.55,194.91,,,,,,
2015-12-23 00:00:00,,,12.571,198.18,200.79,197.98,,,,,,
2015-12-24 00:00:00,,,12.502,199.61,200.22,199.01,,,,,,
2015-12-25 00:00:00,,,12.502,,,,,,,,,
2015-12-28 00:00:00,,,12.556000000000001,199.41,200.92,198.98,,,,0,18,1
2015-12-29 00:00:00,,,12.559,201.94,202.18,199.88,,,,,,
2015-12-30 00:00:00,,,12.46,200.55,201.38,198.17,,,,,,
2015-12-31 00:00:00,,,12.366,198.53,200.4,197.23,,,,0,18,1
2016-01-01 00:00:00,,,12.366,,,,,,,,,
2016-01-04 00:00:00,,,12.205,193.59,195.65,192.95,194.67,,2087,,,
2016-01-05 00:00:00,,,12.257,195.17,196.74,194.64,195.5,,1970,0,18,1
2016-01-06 00:00:00,,,12.017,191.87,193.69,191.59,193.1,,2329,0,18,1
2016-01-07 00:00:00,,,11.688,189.84,190.11,187.68,187.81,,2622,,,
2016-01-08 00:00:00,,,11.35,188.47,189.03,182,182.39,,2962,0,18,1
2016-01-11 00:00:00,,,10.178,168.56,170.62,161.8,163.55,,7927,0,18,1
2016-01-12 00:00:00,,,10.951,164.57,166.61,163.12,164.01,,5548,0,17,2
2016-01-13 00:00:00,,,10.539,163.88,165.96,156.35,157.84,,8252,0,17,2
2016-01-14 00:00:00,,,11.002,157.64,166.16,157.6,164.78,,4788,0,17,2
2016-01-15 00:00:00,,,11.464,160.45,165.14,160.45,165,,4475,0,17,2
2016-01-18 00:00:00,,,11.464,,,,,,,,,
2016-01-19 00:00:00,,,11.772,166.49,169.98,165.08,169.44,,6163,,,
2016-01-20 00:00:00,,,11.811,166.74,170.64,162.35,170,,3091,0,17,2
2016-01-21 00:00:00,,,11.843,170,172.48,168.65,170.45,,4076,0,17,2
2016-01-22 00:00:00,,,11.824,172.3,173.64,169.65,170.18,,3504,0,17,2
2016-01-25 00:00:00,,,11.823,170.75,172.89,169.81,170.17,,3661,,,
2016-01-26 00:00:00,,,11.88,171.72,171.72,167.18,170.99,,3596,0,17,2
2016-01-27 00:00:00,,,11.605,169.96,171.45,166.25,166.92,,3244,0,17,2
2016-01-28 00:00:00,,,11.137,160,170.74,157.68,160.12,,5620,0,17,2
2016-01-29 00:00:00,,,11.197,161.21,162.94,157.73,160.98,,4029,0,17,2
2016-02-01 00:00:00,,,11.078,159.8,160.44,156.32,159.27,,5159,,,
2016-02-02 00:00:00,,,10.781,158.14,159.79,155,155,,4018,0,17,2
2016-02-03 00:00:00,,,10.598,156.49,156.52,149.28,152.37,,5004,0,17,2
2016-02-04 00:00:00,,,10.698,151.74,157.68,149.55,153.81,,3571,0,17,2
2016-02-05 00:00:00,,,10.737,152.04,156.37,152.04,154.36,,4174,0,17,2
2016-02-08 00:00:00,,,10.535,153.23,153.49,149.3,151.46,,4021,,,
2016-02-09 00:00:00,,,10.46,149.94,153.06,148.31,150.38,,4933,,,
2016-02-10 00:00:00,,,10.641,150.94,155.23,150.94,152.99,,3514,0,17,2
2016-02-11 00:00:00,,,10.435,150.71,152.06,148.59,150.03,,5350,,,
2016-02-12 00:00:00,,,10.505,151.52,152.06,148.75,151.03,,3570,,,
2016-02-15 00:00:00,,,10.505,,,,,,,,,
2016-02-16 00:00:00,,,10.613,152,153.62,150.68,152.59,,2915,,,
2016-02-17 00:00:00,,,10.821,154.1,157.79,154.01,155.57,,4282,0,17,2
2016-02-18 00:00:00,,,10.848,155.15,156.685,155.02,155.96,,5202,,,
2016-02-19 00:00:00,,,10.73,155.72,155.72,153.16,154.27,,3181,,,
2016-02-22 00:00:00,,,10.881,155.55,156.61,154.94,156.43,,1439,,,
2016-02-23 00:00:00,,,10.711,156,156.14,153.8,153.99,,2582,0,17,2
2016-02-24 00:00:00,,,10.758,153.29,155.19,151.96,154.67,,2990,0,17,2
2016-02-25 00:00:00,,,10.807,155.59,156.77,153.52,155.37,,3228,0,17,2
2016-02-26 00:00:00,,,10.905,156,158.59,155.39,156.78,,1380,0,17,2
2016-02-29 00:00:00,,,10.824,156.4,157.9,155.36,155.62,,2391,,,
2016-03-01 00:00:00,,,10.901,154.68,156.65,154.58,156.65,,1913,0,16,3
2016-03-02 00:00:00,,,11.043,156.33,161.65,156.07,158.69,,3114,0,15,3
2016-03-03 00:00:00,,,11.322,158.5,163.04,157.72,162.7,,2926,0,15,3
2016-03-04 00:00:00,,,11.327,162.59,164.92,162.44,162.77,,1718,0,15,3
2016-03-07 00:00:00,,,11.346,162,163.96,161.78,,,,0,15,3
2016-03-08 00:00:00,,,11.051,162.08,162.51,157.63,,,,0,15,3
2016-03-09 00:00:00,,,11.265,160,163.48,159.33,,,,0,15,3
2016-03-10 00:00:00,,,11.212,162.67,163.66,159.68,,,,0,15,3
2016-03-11 00:00:00,,,11.58,162.13,166.75,162.13,,,,0,15,3
2016-03-14 00:00:00,,,11.482,166.38,167.08,164.04,,,,0,15,3
2016-03-15 00:00:00,,,10.99,162.81,163.02,156.79,,,,0,14,5
2016-03-16 00:00:00,,,10.899000000000001,156.59,157.49,155.24,,,,0,14,5
2016-03-17 00:00:00,,,10.598,155,155.01,149.72,,,,0,14,5
2016-03-18 00:00:00,,,11.061,152,158.63,151.72,,,,0,14,5
2016-03-21 00:00:00,,,10.959,157.96,158.5,155.49,,,,0,14,5
2016-03-22 00:00:00,,,10.942,156.37,157.44,155,,,,,,
2016-03-23 00:00:00,,,10.831,157,158.06,154.9,,,,,,
2016-03-24 00:00:00,,,10.989,154.02,158.33,153.94,,,,,,
2016-03-25 00:00:00,,,10.989,,,,,,,,,
2016-03-28 00:00:00,,,10.936,157.29,157.83,155.41,,,,0,14,5
2016-03-29 00:00:00,,,11.1,156.55,159,155.97,,,,0,14,5
2016-03-30 00:00:00,,,11.02,159,159.89,157.54,,,,,,
2016-03-31 00:00:00,,,10.987,157.96,159.72,157.23,,,,,,
2016-04-01 00:00:00,,,10.998,156.75,157.86,155.57,,,,0,14,5
2016-04-04 00:00:00,,,11.054,157.24,161.7,157,,,,0,14,5
2016-04-05 00:00:00,,,10.808,156.43,157.45,154.34,,,,,,
2016-04-06 00:00:00,,,11.403,155.28,163.4,155.28,,,,0,14,5
2016-04-07 00:00:00,,,11.266,161.63,163.02,159.87,,,,0,14,5
2016-04-08 00:00:00,,,11.332,162.19,163.24,160.84,,,,,,
2016-04-11 00:00:00,,,11.345,162.24,163.5,161.37,,,,0,13,5
2016-04-12 00:00:00,,,11.481,162.99,165.11,162.64,,,,,,
2016-04-13 00:00:00,,,11.703,164.42,167.69,163.64,,,,0,13,5
2016-04-14 00:00:00,,,11.779,166.95,169.47,165.73,,,,0,13,5
2016-04-15 00:00:00,,,12.071,169.09,172.8,168.99,,,,0,13,5
2016-04-18 00:00:00,,,12.157,171.91,174.42,170.96,,,,0,14,5
2016-04-19 00:00:00,,,12.285,175.26,176.3,173.72,,,,0,14,5
2016-04-20 00:00:00,,,12.404,176.4,178.45,175.29,,,,0,14,5
2016-04-21 00:00:00,,,12.438,177.65,178.77,177.16,,,,0,14,5
2016-04-22 00:00:00,,,12.454,178.65,179.3,176.8,,,,,,
2016-04-25 00:00:00,,,12.378,178.16,178.335,175.59,,,,0,14,5
2016-04-26 00:00:00,,,12.378,177.34,178.69,176.96,,,,,,
2016-04-27 00:00:00,,,12.431,177.19,178.54,176.45,,,,,,
2016-04-28 00:00:00,,,11.831,176.5,176.5,169.13,,,,,,
2016-04-29 00:00:00,,,11.725,168.75,169.13,166.45,,,,0,14,5
2016-05-02 00:00:00,,,11.768,167.8,168.8,166.92,,,,,,
2016-05-03 00:00:00,,,11.748,166.85,170.02,166.4,,,,,,
2016-05-04 00:00:00,,,11.529,167.59,168.01,164.41,,,,0,14,5
2016-05-05 00:00:00,,,11.943,172.25,178.45,169.49,,,,0,13,6
2016-05-06 00:00:00,,,11.704,171.51,173.02,166.93,,,,0,13,6
2016-05-09 00:00:00,,,11.988,170,172.97,169.82,,,,0,13,6
2016-05-10 00:00:00,,,11.855,173.65,173.65,169.27,,,,,,
2016-05-11 00:00:00,,,11.756,169.53,171.91,168.7,,,,,,
2016-05-12 00:00:00,,,11.646,169.27,170,166.34,,,,0,13,6
2016-05-13 00:00:00,,,11.549,166.92,168.26,165.49,,,,0,13,6
2016-05-16 00:00:00,,,12.008,169.9,173.03,169.13,,,,0,13,6
2016-05-17 00:00:00,,,12.076,172.13,175.27,170.3,,,,0,13,6
2016-05-18 00:00:00,,,12.52,172.25,181.08,172.25,,,,0,13,6
2016-05-19 00:00:00,,,12.589,179.54,183.78,179.54,,,,0,13,6
2016-05-20 00:00:00,,,12.682,181.79,182.85,180.35,,,,,,
2016-05-23 00:00:00,,,12.429,180.31,181.52,178.28,,,,0,13,6
2016-05-24 00:00:00,,,12.715,178.67,183.81,178.67,,,,,,
2016-05-25 00:00:00,,,12.725999999999999,182.94,185.58,182.16,,,,,,
2016-05-26 00:00:00,,,12.493,182.43,183.32,179.47,,,,,,
2016-05-27 00:00:00,,,12.607,179.51,182.2,179.42,,,,0,13,6
2016-05-30 00:00:00,,,12.607,,,,,,,,,
2016-05-31 00:00:00,,,12.741,181.4,183.36,180.62,,,,0,13,6
2016-06-01 00:00:00,,,12.857,181.89,185.505,180.77,,,,0,13,6
2016-06-02 00:00:00,,,13.065,184.93,187.97,184.69,,,,0,13,6
2016-06-03 00:00:00,,,12.972,187.36,188.41,185.99,,,,0,13,6
2016-06-06 00:00:00,,,12.966,186.64,187.66,186.13,,,,0,13,6
2016-06-07 00:00:00,,,12.813,187.48,187.5,184.83,,,,0,13,7
2016-06-08 00:00:00,,,13.005,185.18,188.02,184.42,,,,,,
2016-06-09 00:00:00,,,12.945,187.41,187.815,185.73,,,,,,
2016-06-10 00:00:00,,,12.848,185.29,186.54,184.72,,,,0,13,7
2016-06-13 00:00:00,,,12.721,185.67,186.25,183.49,,,,,,
2016-06-14 00:00:00,,,12.576,183,183.41,180.44,,,,0,13,7
2016-06-15 00:00:00,,,12.533,182.53,183.41,180.64,,,,0,13,7
2016-06-16 00:00:00,,,12.452,178.99,180.2,176.64,,,,0,13,7
2016-06-17 00:00:00,,,12.315,179.92,180.38,176.88,,,,0,13,7
2016-06-20 00:00:00,,,12.46,180.2,181.42,179.35,,,,0,13,7
2016-06-21 00:00:00,,,12.418,180.89,181,178.92,,,,0,13,7
2016-06-22 00:00:00,,,12.575,179.07,182.69,179.07,,,,0,13,7
2016-06-23 00:00:00,,,12.746,183.36,184.71,183.02,,,,0,13,7
2016-06-24 00:00:00,,,12.266,177.42,179.1,176.27,,,,0,13,7
2016-06-27 00:00:00,,,11.958,174.75,175.1,171.2,,,,0,13,7
2016-06-28 00:00:00,,,12.156,174.37,177.86,174.37,,,,0,12,7
2016-06-29 00:00:00,,,12.622,180,184.03,178.42,,,,0,12,7
2016-06-30 00:00:00,,,12.845,183.49,186.73,182.56,,,,0,12,7
2016-07-01 00:00:00,,,12.945,187.02,190.34,187.02,,,,,,
2016-07-04 00:00:00,,,12.945,,,,,,,,,
2016-07-05 00:00:00,,,12.887,186.76,188.08,186.05,,,,0,12,7
2016-07-06 00:00:00,,,13.189,186.9,192.1,185.51,,,,0,12,7
2016-07-07 00:00:00,,,13.143,191.88,193.57,190.18,,,,,,
2016-07-08 00:00:00,,,13.252,192.33,193.37,191.88,,,,,,
2016-07-11 00:00:00,,,13.297,192.72,193.86,191.95,,,,0,12,7
2016-07-12 00:00:00,,,13.436,193.99,197,193.99,,,,0,11,7
2016-07-13 00:00:00,,,13.57,196.52,198.01,195.69,,,,,,
2016-07-14 00:00:00,,,13.612,198.88,199.22,197.66,,,,,,
2016-07-15 00:00:00,,,13.551,198.68,198.91,196.28,,,,0,11,7
2016-07-18 00:00:00,,,13.589,197.13,197.79,196.09,,,,0,11,7
2016-07-19 00:00:00,,,13.608,196.59,198.52,196.59,,,,0,11,7
2016-07-20 00:00:00,,,13.64,198.87,199.21,197.88,,,,,,
2016-07-21 00:00:00,,,13.737,198.44,198.7,195.94,,,,0,11,7
2016-07-22 00:00:00,,,13.742,196.78,196.96,195.87,,,,0,11,7
2016-07-25 00:00:00,,,13.703,195.89,196.11,194.125,,,,0,11,7
2016-07-26 00:00:00,,,13.706,195.42,196.95,195.15,,,,0,11,7
2016-07-27 00:00:00,,,13.756,196.25,197.89,195.33,,,,0,11,7
2016-07-28 00:00:00,,,13.481,191.64,196.74,191.42,,,,0,11,7
2016-07-29 00:00:00,,,13.559,192.79,195.12,191.25,,,,0,11,7
2016-08-01 00:00:00,,,13.387,195.2,195.2,191.76,,,,0,11,7
2016-08-02 00:00:00,,,13.487,192.17,195,192.17,,,,0,11,7
2016-08-03 00:00:00,,,13.6,193.04,195.3,192.95,,,,,,
2016-08-04 00:00:00,,,13.554,194.64,195.3,193.9,,,,,,
2016-08-05 00:00:00,,,13.566,195.06,196.61,194.52,,,,,,
2016-08-08 00:00:00,,,13.597,194.95,195.33,194.02,,,,,,
2016-08-09 00:00:00,,,13.68,195.41,196.91,195.41,,,,0,11,7
2016-08-10 00:00:00,,,13.644,196.29,196.3,194.95,,,,0,11,7
2016-08-11 00:00:00,,,13.711,196.53,196.86,195.3,,,,,,
2016-08-12 00:00:00,,,13.615,196.28,196.5,194.45,,,,,,
2016-08-15 00:00:00,,,13.676,195.35,197.06,195.1,,,,,,
2016-08-16 00:00:00,,,13.599,195.46,196.04,194.95,,,,,,
2016-08-17 00:00:00,,,13.653,195.08,196,193.61,,,,,,
2016-08-18 00:00:00,,,13.559,195.34,195.89,194.22,,,,,,
2016-08-19 00:00:00,,,13.518,193.78,194.77,192.99,,,,,,
2016-08-22 00:00:00,,,13.504,193.75,193.91,192.87,,,,,,
2016-08-23 00:00:00,,,13.441,194.22,194.62,192.69,,,,,,
2016-08-24 00:00:00,,,13.183,192.78,193.57,188.64,189.05,,,0,11,7
2016-08-25 00:00:00,,,12.782,187.04,187.89,182.01,183.3,,,0,11,7
2016-08-26 00:00:00,,,12.747,183.69,184.02,181.88,182.79,,,,,
2016-08-29 00:00:00,,,12.824,183.16,184.12,182.63,183.9,,,0,11,7
2016-08-30 00:00:00,,,12.764,183.49,183.75,182.25,183.03,,,,,
2016-08-31 00:00:00,,,12.874,183.03,184.83,182.18,184.62,,,0,11,7
2016-09-01 00:00:00,,,12.78,184.72,184.72,182.15,183.27,,,,,
2016-09-02 00:00:00,,,12.76,184.04,184.33,182.68,182.98,,,0,11,7
2016-09-05 00:00:00,,,12.76,,,,,,,,,
2016-09-06 00:00:00,,,12.879,183.5,185.02,182.41,184.69,,,0,11,7
2016-09-07 00:00:00,,,12.898,184,186.23,184,184.96,,,,,
2016-09-08 00:00:00,,,12.764,184.52,185.16,182.88,183.04,,,,,
2016-09-09 00:00:00,,,12.28,181.44,181.44,176.02,176.09,,,,,
2016-09-12 00:00:00,,,12.585,175.22,181.48,175.13,180.47,,,0,11,7
2016-09-13 00:00:00,,,12.262,178.49,179.26,174.83,175.84,,,,,
2016-09-14 00:00:00,,,11.695,175.59,175.85,167.415,167.7,,,0,10,7
2016-09-15 00:00:00,,,11.783,167.84,169.8,163.97,168.97,,,0,10,7
2016-09-16 00:00:00,,,11.587,167.9,168.65,164.02,166.16,,,0,9,8
2016-09-19 00:00:00,,,11.572,165.85,166.69,164.51,165,,,0,9,8
2016-09-20 00:00:00,,,11.628,165.13,166.12,164.36,164.8,,2169,0,9,8
2016-09-21 00:00:00,,,11.741,165.4,166.78,164.33,166.4,,2732,,,
2016-09-22 00:00:00,,,11.862,167.1,168.87,167.1,168.12,,2386,,,
2016-09-23 00:00:00,,,11.789,167.95,169,166.16,167.08,,2771,,,
2016-09-26 00:00:00,,,11.633,165.93,166.82,165.05,165.18,,2144,0,9,8
2016-09-27 00:00:00,,,11.746,165.18,166.98,165.18,166.36,,2563,0,9,8
2016-09-28 00:00:00,,,11.764,166.23,167.335,165.63,166.62,,2241,0,9,8
2016-09-29 00:00:00,,,11.609,165.97,166,164.33,164.42,,2587,0,9,8
2016-09-30 00:00:00,,,11.774000000000001,164.97,167.2,163.58,166.75,,4819,,,
2016-10-03 00:00:00,,,11.677,165.94,166.17,164.89,165.38,,2427,,,
2016-10-04 00:00:00,,,11.697,165.95,166.73,165.22,165.66,,2663,,,
2016-10-05 00:00:00,,,11.697,166.04,166.23,164.65,165.67,,2351,,,
2016-10-06 00:00:00,,,11.632,164.61,164.95,163.29,164.75,,2139,0,9,9
2016-10-07 00:00:00,,,11.708,165.88,166.9,164.3,165.82,,2385,,,
2016-10-10 00:00:00,,,11.673,166.17,166.17,164.8,165.33,,2066,,,
2016-10-11 00:00:00,,,11.553,165,165.71,163.51,163.63,,3186,0,9,9
2016-10-12 00:00:00,,,11.475999999999999,164.31,165.44,162.38,162.54,,2514,,,
2016-10-13 00:00:00,,,11.443,161.7,162.87,160.94,162.07,,2558,,,
2016-10-14 00:00:00,,,11.368,162.69,163.14,160.95,161,,1577,,,
2016-10-17 00:00:00,,,11.343,161.21,161.25,159.83,160.65,,1417,,,
2016-10-18 00:00:00,,,11.445,162.37,163.03,161.91,162.1,,1419,,,
2016-10-19 00:00:00,,,11.376,162.1,162.64,161.07,161.12,,2244,,,
2016-10-20 00:00:00,,,11.435,161.3,162.52,160.84,161.95,,1284,,,
2016-10-21 00:00:00,,,11.37,161.14,162.1,160.79,161.03,,2512,,,
2016-10-24 00:00:00,,,11.316,161.97,162.73,160.26,160.27,,2366,0,9,9
2016-10-25 00:00:00,,,11.191,159.84,160.17,158.25,158.5,,2827,0,9,9
2016-10-26 00:00:00,,,11.196,157.8,158.92,156,158.57,,2959,,,
2016-10-27 00:00:00,,,11.686,158.99,161.6,157.63,160.5,,3081,0,9,9
2016-10-28 00:00:00,,,9.457,129.82,130.84,114.54,124.11,,20501,0,5,13
2016-10-31 00:00:00,,,9.824,123.99,128.54,123.91,127.17,,10050,0,5,13
2016-11-01 00:00:00,,,9.986,127.17,130.14,126.32,129.27,,6930,,,
2016-11-02 00:00:00,,,10.668,129.68,136.84,129.68,135.83,,6473,0,5,13
2016-11-03 00:00:00,,,10.177,137.01,138.86,129.35,129.59,,8672,,,
2016-11-04 00:00:00,,,10.269,130.06,133.85,129.44,130.76,,5895,,,
2016-11-07 00:00:00,,,10.564,132.77,135.24,131.99,134.51,,4481,,,
2016-11-08 00:00:00,,,10.25,131.87,133.19,130.18,130.51,,5972,0,5,13
2016-11-09 00:00:00,,,11.127,148,148.03,135.21,141.68,,8756,0,6,12
2016-11-10 00:00:00,,,11.583,144.5,148.41,143.91,147.49,,7793,0,6,12
2016-11-11 00:00:00,,,11.253,146.74,147.95,141.35,143.03,,6160,0,6,12
2016-11-14 00:00:00,,,11.305,139.75,145.41,139.57,143.69,,4343,0,6,12
2016-11-15 00:00:00,,,11.241,143.6,144.44,142.16,142.87,,6652,0,6,12
2016-11-16 00:00:00,,,11.131,142.47,143.36,141.39,141.48,,5089,0,6,12
2016-11-17 00:00:00,,,11.131,141.4,142.4,140.94,141.48,,5816,,,
2016-11-18 00:00:00,,,11.019,141.7,142,139.82,140.05,,6154,,,
2016-11-21 00:00:00,,,11.121,140.56,142.13,140.14,141.35,,4230,,,
2016-11-22 00:00:00,,,11.12,141.82,142.63,140.17,141.33,,4367,,,
2016-11-23 00:00:00,,,11.115,138.68,141.6,137.84,141.27,,4064,1,6,11
2016-11-24 00:00:00,,,11.115,,,,,,,,,
2016-11-25 00:00:00,,,11.256,141.37,143.14,140.86,143.07,,1348,1,6,11
2016-11-28 00:00:00,,,11.26,142.39,144.01,142.13,143.11,,3194,,,
2016-11-29 00:00:00,,,11.125,142.7,143.34,141.17,141.25,,4288,1,6,11
2016-11-30 00:00:00,,,11.326,141.58,145.08,141.48,143.81,,5187,1,6,11
2016-12-01 00:00:00,,,11.269,143.44,144.68,142.68,143.08,,4542,1,6,11
2016-12-02 00:00:00,,,11.307,143.88,144.86,143.09,143.56,,2965,,,
2016-12-05 00:00:00,,,11.42,143.92,146.35,143.35,145,,3421,,,
2016-12-06 00:00:00,,,11.452,145,145.4,142.91,145.4,,3036,1,6,11
2016-12-07 00:00:00,,,11.154,143,143.28,136.83,141.62,,7806,,,
2016-12-08 00:00:00,,,11.289,140.76,144.18,140.76,143.34,,5461,,,
2016-12-09 00:00:00,,,11.518,144.08,147.76,143.63,146.25,,3993,,,
2016-12-12 00:00:00,,,11.625,146.31,146.99,145.06,146.49,,3311,1,6,11
2016-12-13 00:00:00,,,11.756,146.79,148.59,146.42,147.97,,3587,,,
2016-12-14 00:00:00,,,11.39,147.13,147.59,142.15,143.37,,3566,,,
2016-12-15 00:00:00,,,11.308,143.69,144.06,141.3,142.34,,3321,,,
2016-12-16 00:00:00,,,11.305,142.82,143.28,141.09,142.29,,3229,,,
2016-12-19 00:00:00,,,11.247,142.94,143.98,140.42,141.56,,2822,,,
2016-12-20 00:00:00,,,11.212,141.98,142.72,140.57,141.13,,2258,1,6,11
2016-12-21 00:00:00,,,11.249,141.13,143,140.67,141.59,,2795,,,
2016-12-22 00:00:00,,,11.15,141.96,142.59,139.85,140.34,,2035,1,6,11
2016-12-23 00:00:00,,,11.216,140.77,142.3,140.53,141.18,,1807,,,
2016-12-26 00:00:00,,,11.216,,,,,,,,,
2016-12-27 00:00:00,,,11.287,141.24,142.87,140.81,142.07,,1151,,,
2016-12-28 00:00:00,,,11.244,142.47,142.75,141.2,141.53,,1138,,,
2016-12-29 00:00:00,,,11.264,140.86,142.95,140.86,141.78,,1598,1,6,11
2016-12-30 00:00:00,,,11.158,141.47,142.15,140.11,140.45,,1985,,,
2017-01-02 00:00:00,,,11.158,,,,,,,,,
2017-01-03 00:00:00,,,11.772,140.89,149.089,140.89,147.43,,7541,1,5,12
2017-01-04 00:00:00,,,11.864,148.46,149.48,146.52,148.58,,3562,1,5,12
2017-01-05 00:00:00,,,11.835,147.27,147.87,145.19,146.5,,3827,1,4,13
2017-01-06 00:00:00,,,11.868,146.93,147.17,144.89,146.92,,2771,1,4,13
2017-01-09 00:00:00,,,11.862,146.35,147.98,145.66,146.84,,2444,,,
2017-01-10 00:00:00,,,11.86,146.77,148.59,145.69,146.82,,2778,1,4,13
2017-01-11 00:00:00,,,11.568,146.26,147.49,141.1,143.2,,4596,,,
2017-01-12 00:00:00,,,11.7,141.98,145.07,141.68,144.68,,3009,1,4,13
2017-01-13 00:00:00,,,11.902,145.51,147.75,145.37,147.18,,3035,,,
2017-01-16 00:00:00,,,11.902,,,,,,,,,
2017-01-17 00:00:00,,,12.003,146.62,149.3,146.28,148.43,,3132,1,5,12
2017-01-18 00:00:00,,,12.109,150.3,150.45,148.26,149.74,,2985,1,5,12
2017-01-19 00:00:00,,,12.087,149.5,149.5,146.58,147.29,,2166,1,5,12
2017-01-20 00:00:00,,,12.332,147.5,151.82,147.5,150.28,,5675,1,5,12
2017-01-23 00:00:00,,,12.253,149.32,150.17,148.52,149.32,,2609,1,5,12
2017-01-24 00:00:00,,,12.171,148.67,148.87,147.67,148.31,,3288,1,5,12
2017-01-25 00:00:00,,,12.398,148.96,151.24,148.76,151.1,,3719,1,5,12
2017-01-26 00:00:00,,,11.687,141,144.28,137.58,138.55,,8974,1,5,12
2017-01-27 00:00:00,,,11.534,139.22,139.22,135.48,136.74,,5433,1,5,12
2017-01-30 00:00:00,,,11.566,136.83,137.38,134.27,137.11,,4367,,,
2017-01-31 00:00:00,,,11.738,137.44,139.27,135.89,139.15,,4795,,,
2017-02-01 00:00:00,,,11.812,139.7,140.5,138.98,140.03,,4208,1,5,12
2017-02-02 00:00:00,,,11.725,139.81,139.81,137.9,139,,3149,1,5,12
2017-02-03 00:00:00,,,11.712,138.81,139.71,137.9,138.84,,4370,1,5,12
2017-02-06 00:00:00,,,11.794,139.15,140.05,138.27,139.82,,2843,,,
2017-02-07 00:00:00,,,11.803,140.22,142.12,139.28,139.93,,2738,,,
2017-02-08 00:00:00,,,11.93,139.91,141.05,139.4,140.94,,2130,1,5,12
2017-02-09 00:00:00,,,11.826,141.12,141.5,138.8,139.71,,2303,,,
2017-02-10 00:00:00,,,11.814,140.03,140.32,139.23,139.57,,1617,,,
2017-02-13 00:00:00,,,11.892,140.55,141,139.9,140.49,,1985,,,
2017-02-14 00:00:00,,,12.291,140.49,145.79,140.49,145.2,,2802,1,5,12
2017-02-15 00:00:00,,,12.656,146.66,149.81,144.83,149.52,,3578,1,5,12
2017-02-16 00:00:00,,,12.648,149.03,149.45,146.9,149.42,,3018,,,
2017-02-17 00:00:00,,,12.718,148.94,150.54,148.1,150.25,,3918,,,
2017-02-20 00:00:00,,,12.718,,,,,,,,,
2017-02-21 00:00:00,,,12.772,150.21,151.57,149.25,150.89,,2389,,,
2017-02-22 00:00:00,,,12.616,150.01,150.95,148.89,149.05,,2000,,,
2017-02-23 00:00:00,,,12.61,149.5,149.5,148.08,148.97,,2240,,,
2017-02-24 00:00:00,,,12.769,148.93,150.87,147.87,150.85,,1550,,,
2017-02-27 00:00:00,,,12.82,150.65,151.96,150.5,151.45,,2778,,,
2017-02-28 00:00:00,,,12.708,150.96,151.19,148.54,150.13,,2078,1,5,12
2017-03-01 00:00:00,,,12.61,151.3,151.57,148.9,148.97,,3209,1,5,12
2017-03-02 00:00:00,,,12.691,148.9,151.19,148.27,150.16,,2998,1,5,12
2017-03-03 00:00:00,,,12.896,150.61,153.05,150.18,152.53,,2084,1,5,12
2017-03-06 00:00:00,,,12.702,151.72,151.81,149.56,150.24,,2573,1,5,12
2017-03-07 00:00:00,,,12.448,148.74,149.27,146.68,147.24,,3591,,,
2017-03-08 00:00:00,,,12.498,148.03,151.45,147.51,147.83,,3117,,,
2017-03-09 00:00:00,,,12.693999999999999,148.31,150.11,147.64,149.47,,2798,,,
2017-03-10 00:00:00,,,12.541,150.08,150.08,147.39,147.67,,1746,,,
2017-03-13 00:00:00,,,12.502,148.31,148.72,146.71,148.05,,2030,1,5,12
2017-03-14 00:00:00,,,12.423,147.93,149.1,147,147.11,,1505,,,
2017-03-15 00:00:00,,,12.52,147.81,148.78,146.23,148.26,,2430,,,
2017-03-16 00:00:00,,,12.568,148.59,150.23,147.63,148.83,,2648,,,
2017-03-17 00:00:00,,,12.464,149.28,149.28,147.69,147.93,,3718,1,4,12
2017-03-20 00:00:00,,,12.4,148,148.67,146.55,147.17,,2069,,,
2017-03-21 00:00:00,,,12.301,147.49,147.7,145.54,146,,3531,,,
2017-03-22 00:00:00,,,12.35,146.07,146.75,145.15,146.31,,3302,1,4,12
2017-03-23 00:00:00,,,12.309,146.28,147.58,145.5,145.82,,1811,,,
2017-03-24 00:00:00,,,12.293,145.71,146.38,143.86,145.63,,2252,,,
2017-03-27 00:00:00,,,12.535,145.18,148.77,144.9,148.5,,2205,,,
2017-03-28 00:00:00,,,12.651,148,150.09,147.98,149.88,,1812,,,
2017-03-29 00:00:00,,,12.775,149.87,151.42,149.24,151.35,,2959,,,
2017-03-30 00:00:00,,,12.603,150.85,151.03,149.01,149.48,,2133,1,4,12
2017-03-31 00:00:00,,,12.5,148.91,149.12,147.67,148.26,,2720,1,4,11
2017-04-03 00:00:00,,,12.355,148.38,148.43,145.79,146.17,,2352,1,4,12
2017-04-04 00:00:00,,,12.321,145.93,145.93,144.77,145.77,,2044,1,4,12
2017-04-05 00:00:00,,,12.235,146.61,146.61,144.53,144.75,,1792,1,4,12
2017-04-06 00:00:00,,,12.242,144.44,145.28,144.09,144.84,,2765,1,4,12
2017-04-07 00:00:00,,,12.164,144.87,145.13,143.89,143.91,,1868,,,
2017-04-10 00:00:00,,,12.297,143.88,145.83,143.37,145.49,,2233,,,
2017-04-11 00:00:00,,,12.394,145.59,145.7,144.251,145.38,,1821,1,4,12
2017-04-12 00:00:00,,,12.267,144.15,145.24,143.35,143.89,,1964,1,4,12
2017-04-13 00:00:00,,,12.209,143.81,144.28,142.9,143.2,,1712,,,
2017-04-14 00:00:00,,,12.209,,,,,,,,,
2017-04-17 00:00:00,,,12.296,143.51,144.43,142.88,144.22,,1377,,,
2017-04-18 00:00:00,,,11.732,138.99,139.07,135.4,137.6,,4607,1,4,12
2017-04-19 00:00:00,,,11.646,137.69,138.31,136,136.09,,2944,1,4,12
2017-04-20 00:00:00,,,11.78,136.72,138.43,135.96,137.66,,2444,1,4,12
2017-04-21 00:00:00,,,11.734,137.11,137.26,135.16,135.92,,2074,1,4,12
2017-04-24 00:00:00,,,11.821,137.26,137.44,135.75,136.15,,1711,1,4,12
2017-04-25 00:00:00,,,11.721,135,135.9,133.9,135,,3377,,,
2017-04-26 00:00:00,,,11.835,135.49,136.93,135.36,136.03,,1896,1,5,12
2017-04-27 00:00:00,,,12.075,136.58,139.58,136.48,138.79,,2491,1,5,12
2017-04-28 00:00:00,,,12.031,138.7,138.9,137.7,138.29,,2133,,,
2017-05-01 00:00:00,,,12.047,138.32,139.12,137.6,138.47,,2180,,,
2017-05-02 00:00:00,,,12.112,138.94,139.88,137.18,139.21,,1729,,,
2017-05-03 00:00:00,,,12.025,139.06,139.06,137.26,138.21,,1576,1,5,12
2017-05-04 00:00:00,,,12.373,138.54,142.74,138.54,142.22,,2764,1,5,12
2017-05-05 00:00:00,,,12.308,142.25,142.59,140.94,141.47,,1093,,,
2017-05-08 00:00:00,,,12.256,141.85,141.99,140.43,140.87,,1063,1,5,12
2017-05-09 00:00:00,,,12.397,141.6,142.89,141.48,142.49,,1560,1,5,12
2017-05-10 00:00:00,,,12.461,142.41,143.49,141.66,143.23,,1853,,,
2017-05-11 00:00:00,,,12.676,142.58,146.6,142.31,145.7,,2459,,,
2017-05-12 00:00:00,,,12.579,145.38,145.6,144.02,144.58,,1406,,,
2017-05-15 00:00:00,,,12.69,144.36,147.16,144.24,145.33,,2481,1,5,12
2017-05-16 00:00:00,,,12.66,145.55,145.55,143.89,144.92,,1321,1,5,12
2017-05-17 00:00:00,,,12.413,142.59,144.56,141.79,142.04,,2477,1,5,13
2017-05-18 00:00:00,,,12.094,142.56,144.41,140.6,141.44,,2951,1,5,13
2017-05-19 00:00:00,,,12.693,153,155.54,152,153.01,,9753,1,5,13
2017-05-22 00:00:00,,,12.831,153.5,158.67,153.5,155.42,,4607,1,5,13
2017-05-23 00:00:00,,,13.126,157.75,160,157.69,159,,4963,1,6,12
2017-05-24 00:00:00,,,13.279,158.14,162,158.14,161.23,,3298,1,6,12
2017-05-25 00:00:00,,,13.371,161.23,163.33,160.51,162.36,,4108,1,6,12
2017-05-26 00:00:00,,,13.275,161.83,162.9,161.13,161.2,,1795,,,
,,,,,,,,,,,,
,,,,,,,,,,,,
,,,,,,,,,,,,
,,,,,,,,,,,,
,,,,,,,,,,,,
,,,,,,,,,,,,
,,,,,,,,,,,,
,,,,,,,,,,,,
,,,,,,,,,,,,
,,,,,,,,,,,,
,,,,,,,,,,,,
